data/output/wind_16.js
{"header": { "parameterNumberName":"eastward_wind", "parameterUnit":"m.s-1", "parameterNumber":2, "parameterCategory":2, "nx":85, "ny":55, "numberPoints":4675, "dx":0.0833333358168602, "dy":0.0833333358168602, "la1":40.0, "lo1":-12.0, "la2":35.5, "lo2":-5.0 }, "data":
[rows 21 to 41 of 55, columns 0 to 47 of 85]
-1.2512588873505592,-1.2268440797924995,-1.1597033590078354,-1.0437330231070518,-0.8972441777586937,-0.7446516305208206,-0.6225775927305222,-0.5249183624982834,-0.43946653604507446,-0.35401470959186554,-0.2624591812491417,-0.16479995101690292,-0.05493331700563431,0.048829615116119385,0.15259254723787308,0.238044373691082,0.3112887963652611,0.35401470959186554,0.35401470959186554,0.3234962001442909,0.27466658502817154,0.20142216235399246,0.10376293212175369,0.01831110566854477,-0.03662221133708954,-0.11597033590078354,-0.158696249127388,0.0,0.28077028691768646,0.5493331700563431,0.7324442267417908,0.7507553324103355,0.5981627851724625,0.3906369209289551,0.05493331700563431,-0.27466658502817154,-0.3479110077023506,-0.2929776906967163,-0.25635547935962677,0.0,0.0,0.0,0.0,0.0,0.0,0.0,0.0,0.0
-1.513718068599701,-1.4709921553730965,-1.348918117582798,-1.1474959552288055,-0.9216589853167534,-0.7385479286313057,-0.634784996509552,-0.5981627851724625,-0.6103701889514923,-0.6225775927305222,-0.6103701889514923,-0.5676442757248878,-0.49439985305070877,-0.4028443247079849,-0.29908139258623123,-0.18921475857496262,-0.079348124563694,0.024414807558059692,0.10986663401126862,0.16479995101690292,0.19531846046447754,0.2136295661330223,0.21973326802253723,0.22583696991205215,0.25635547935962677,0.2685628831386566,0.238044373691082,0.1831110566854477,0.17090365290641785,0.25025177747011185,0.3723258152604103,0.37842951714992523,0.18921475857496262,-0.08545182645320892,-0.36011841148138046,-0.5249183624982834,-0.5676442757248878,-0.5432294681668282,-0.5066072568297386,0.0,0.0,0.0,0.0,0.0,0.0,0.0,0.0,0.0
-1.580858789384365,-1.4954069629311562,-1.2939848005771637,-1.0193182155489922,-0.7385479286313057,-0.5310220643877983,-0.41505172848701477,-0.39674062281847,-0.4516739398241043,-0.5493331700563431,-0.6286812946200371,-0.6591998040676117,-0.634784996509552,-0.5737479776144028,-0.4821924492716789,-0.37842951714992523,-0.2624591812491417,-0.1342814415693283,-0.006103701889514923,0.11597033590078354,0.238044373691082,0.3479110077023506,0.4455702379345894,0.5249183624982834,0.5859553813934326,0.6286812946200371,0.6286812946200371,0.5859553813934326,0.45777764171361923,0.25635547935962677,0.09765923023223877,-0.07324442267417908,-0.3234962001442909,-0.5615405738353729,-0.6714072078466415,-0.6591998040676117,-0.6408886983990669,-0.6103701889514923,-0.5981627851724625,0.0,0.0,0.0,0.0,0.0,0.0,0.0,0.0,0.0
-1.428266242146492,-1.3367107138037682,-1.1352885514497757,-0.872829370200634,-0.6469924002885818,-0.5066072568297386,-0.43336283415555954,-0.4028443247079849,-0.40894802659749985,-0.43946653604507446,-0.46388134360313416,-0.4516739398241043,-0.3906369209289551,-0.2929776906967163,-0.17090365290641785,-0.04272591322660446,0.079348124563694,0.20142216235399246,0.33570360392332077,0.46388134360313416,0.6042664870619774,0.7263405248522758,0.8178960531949997,0.8606219664216042,0.8667256683111191,0.8423108607530594,0.7812738418579102,0.6958220154047012,0.5432294681668282,0.23194067180156708,-0.14038514345884323,-0.49439985305070877,-0.7751701399683952,-0.8911404758691788,-0.8362071588635445,-0.714133121073246,-0.6286812946200371,-0.555436871945858,-0.555436871945858,0.0,0.0,0.0,0.0,0.0,0.0,0.0,0.0,0.0
-1.0742515325546265,-1.0559404268860817,-0.9582811966538429,-0.8301034569740295,-0.7690664380788803,-0.7568590342998505,-0.7629627361893654,-0.7507553324103355,-0.6958220154047012,-0.6103701889514923,-0.5127109587192535,-0.3906369209289551,-0.25025177747011185,-0.10986663401126862,0.024414807558059692,0.12207403779029846,0.2136295661330223,0.30518509447574615,0.43336283415555954,0.5798516795039177,0.7263405248522758,0.8484145626425743,0.9155552834272385,0.9155552834272385,0.872829370200634,0.7995849475264549,0.6836146116256714,0.5371257662773132,0.32959990203380585,-0.04272591322660446,-0.48829615116119385,-0.8667256683111191,-1.0681478306651115,-1.0559404268860817,-0.9033478796482086,-0.7507553324103355,-0.6042664870619774,-0.48829615116119385,-0.49439985305070877,0.0,0.0,0.0,0.0,0.0,0.0,0.0,0.0,0.0
-0.8178960531949997,-0.8911404758691788,-0.9338663890957832,-0.9949034079909325,-1.110873743891716,-1.196325570344925,-1.2268440797924995,-1.196325570344925,-1.104770042002201,-0.9704886004328728,-0.8301034569740295,-0.7080294191837311,-0.5981627851724625,-0.5249183624982834,-0.49439985305070877,-0.5127109587192535,-0.5188146606087685,-0.4455702379345894,-0.2868739888072014,-0.06714072078466415,0.17090365290641785,0.3662221133708954,0.49439985305070877,0.5493331700563431,0.5371257662773132,0.46388134360313416,0.3112887963652611,0.09155552834272385,-0.19531846046447754,-0.5981627851724625,-0.9826960042119026,-1.2024292722344398,-1.2268440797924995,-1.0803552344441414,-0.8911404758691788,-0.7385479286313057,-0.5676442757248878,-0.4455702379345894,-0.45777764171361923,0.0,0.0,0.0,0.0,0.0,0.0,0.0,0.0,0.0
-0.7385479286313057,-0.8789330720901489,-1.025421917438507,-1.2024292722344398,-1.4160588383674622,-1.5320291742682457,-1.5442365780472755,-1.4831995591521263,-1.3611255213618279,-1.2085329741239548,-1.0742515325546265,-0.9826960042119026,-0.9216589853167534,-0.8972441777586937,-0.9094515815377235,-0.952177494764328,-0.9643848985433578,-0.8667256683111191,-0.6408886983990669,-0.35401470959186554,-0.10376293212175369,0.07324442267417908,0.17090365290641785,0.19531846046447754,0.1342814415693283,-0.012207403779029846,-0.25025177747011185,-0.5615405738353729,-0.9033478796482086,-1.2329477816820145,-1.4099551364779472,-1.3977477326989174,-1.2329477816820145,-0.9887997061014175,-0.79348124563694,-0.6714072078466415,-0.5432294681668282,-0.43336283415555954,-0.4272591322660446,0.0,0.0,0.0,0.0,0.0,0.0,0.0,0.0,0.0
-0.7080294191837311,-0.8911404758691788,-1.0864589363336563,-1.3061922043561935,-1.5259254723787308,-1.6174810007214546,-1.58696249127388,-1.501510664820671,-1.3672292232513428,-1.2207403779029846,-1.0986663401126862,-1.0132145136594772,-0.9582811966538429,-0.9216589853167534,-0.8911404758691788,-0.8667256683111191,-0.8423108607530594,-0.7568590342998505,-0.5859553813934326,-0.4028443247079849,-0.2929776906967163,-0.24414807558059692,-0.24414807558059692,-0.30518509447574615,-0.4455702379345894,-0.6775109097361565,-0.9704886004328728,-1.2939848005771637,-1.5747550874948502,-1.7151402309536934,-1.672414317727089,-1.4648884534835815,-1.1658070608973503,-0.872829370200634,-0.6775109097361565,-0.5615405738353729,-0.4455702379345894,-0.3662221133708954,-0.38453321903944016,0.0,0.0,0.0,0.0,0.0,0.0,0.0,0.0,0.0
-0.6469924002885818,-0.8545182645320892,-1.0437330231070518,-1.2390514835715294,-1.4099551364779472,-1.4526810497045517,-1.3855403289198875,-1.3000885024666786,-1.2024292722344398,-1.104770042002201,-1.0132145136594772,-0.9277626872062683,-0.872829370200634,-0.8545182645320892,-0.8362071588635445,-0.8056886494159698,-0.8362071588635445,-0.8911404758691788,-0.8972441777586937,-0.9216589853167534,-1.0010071098804474,-1.0864589363336563,-1.1719107627868652,-1.3000885024666786,-1.4770958572626114,-1.6968291252851486,-1.9287697970867157,-2.1057771518826485,-2.1668141707777977,-2.063051238656044,-1.8005920574069023,-1.4465773478150368,-1.0803552344441414,-0.7751701399683952,-0.5798516795039177,-0.476088747382164,-0.39674062281847,-0.3723258152604103,-0.40894802659749985,0.0,0.0,0.0,0.0,0.0,0.0,0.0,0.0,0.0
-0.5798516795039177,-0.7873775437474251,-0.952177494764328,-1.0925626382231712,-1.2146366760134697,-1.2329477816820145,-1.1780144646763802,-1.1352885514497757,-1.110873743891716,-1.0803552344441414,-1.025421917438507,-0.9399700909852982,-0.8667256683111191,-0.8606219664216042,-0.9155552834272385,-0.9887997061014175,-1.1413922533392906,-1.3611255213618279,-1.5259254723787308,-1.7151402309536934,-1.9409772008657455,-2.1118808537721634,-2.2705771028995514,-2.4353770539164543,-2.5818658992648125,-2.697836235165596,-2.7405621483922005,-2.6673177257180214,-2.471999265253544,-2.148503065109253,-1.7334513366222382,-1.3122959062457085,-0.9338663890957832,-0.6530961021780968,-0.48829615116119385,-0.4455702379345894,-0.5005035549402237,-0.5432294681668282,-0.5493331700563431,0.0,0.0,0.0,0.0,0.0,0.0,0.0,0.0,0.0
-0.5371257662773132,-0.7263405248522758,-0.8545182645320892,-0.9460737928748131,-1.025421917438507,-1.037629321217537,-1.0193182155489922,-1.031525619328022,-1.0742515325546265,-1.110873743891716,-1.110873743891716,-1.0437330231070518,-0.9643848985433578,-0.952177494764328,-1.037629321217537,-1.1780144646763802,-1.4465773478150368,-1.7700735479593277,-2.0264290273189545,-2.307199314236641,-2.5940733030438423,-2.78939176350832,-2.954191714525223,-3.0762657523155212,-3.112887963652611,-3.0701620504260063,-2.923673205077648,-2.6551103219389915,-2.288888208568096,-1.8433179706335068,-1.3794366270303726,-0.9887997061014175,-0.6897183135151863,-0.4821924492716789,-0.4028443247079849,-0.45777764171361923,-0.6225775927305222,-0.6958220154047012,-0.6836146116256714,0.0,0.0,0.0,0.0,0.0,0.0,0.0,0.0,0.0
-0.5432294681668282,-0.6775109097361565,-0.7568590342998505,-0.79348124563694,-0.8239997550845146,-0.8301034569740295,-0.8423108607530594,-0.8911404758691788,-0.9765923023223877,-1.0681478306651115,-1.1413922533392906,-1.1474959552288055,-1.0864589363336563,-1.0620441287755966,-1.1230811476707458,-1.269569993019104,-1.5564439818263054,-1.910458691418171,-2.1607104688882828,-2.4109622463583946,-2.685628831386566,-2.856532484292984,-2.9725028201937675,-3.021332435309887,-2.954191714525223,-2.78939176350832,-2.5147251784801483,-2.142399363219738,-1.7090365290641785,-1.263466291129589,-0.872829370200634,-0.5737479776144028,-0.3723258152604103,-0.2929776906967163,-0.3418073058128357,-0.476088747382164,-0.6164738908410072,-0.7080294191837311,-0.7324442267417908,0.0,0.0,0.0,0.0,0.0,0.0,0.0,0.0,0.0
-0.5981627851724625,-0.6653035059571266,-0.6836146116256714,-0.6714072078466415,-0.6836146116256714,-0.6958220154047012,-0.7324442267417908,-0.7873775437474251,-0.8484145626425743,-0.9338663890957832,-1.0559404268860817,-1.1535996571183205,-1.1535996571183205,-1.1230811476707458,-1.1413922533392906,-1.2146366760134697,-1.428266242146492,-1.7212439328432083,-1.8555253744125366,-1.8921475857496262,-2.0020142197608948,-2.0935697481036186,-2.1118808537721634,-2.056947536766529,-1.9165623933076859,-1.6846217215061188,-1.3916440308094025,-1.0498367249965668,-0.7080294191837311,-0.4028443247079849,-0.1831110566854477,-0.048829615116119385,-0.01831110566854477,-0.14648884534835815,-0.3906369209289551,-0.6225775927305222,-0.7751701399683952,-0.79348124563694,-0.7446516305208206,0.0,0.0,0.0,0.0,0.0,0.0,0.0,0.0,0.0
-0.6958220154047012,-0.6958220154047012,-0.6469924002885818,-0.5920590832829475,-0.5798516795039177,-0.6225775927305222,-0.6897183135151863,-0.7446516305208206,-0.7568590342998505,-0.7995849475264549,-0.9216589853167534,-1.0803552344441414,-1.1474959552288055,-1.1413922533392906,-1.1474959552288055,-1.1535996571183205,-1.2268440797924995,-1.3855403289198875,-1.422162540256977,-1.269569993019104,-1.0986663401126862,-0.9887997061014175,-0.8606219664216042,-0.6958220154047012,-0.5005035549402237,-0.27466658502817154,-0.05493331700563431,0.14648884534835815,0.3112887963652611,0.41505172848701477,0.4516739398241043,0.3906369209289551,0.21973326802253723,-0.10376293212175369,-0.43946653604507446,-0.6897183135151863,-0.7629627361893654,-0.6164738908410072,0.0,0.0,0.0,0.0,0.0,0.0,0.0,0.0,0.0,0.0
-0.8056886494159698,-0.714133121073246,-0.5920590832829475,-0.5127109587192535,-0.5066072568297386,-0.5737479776144028,-0.6591998040676117,-0.7019257172942162,-0.6836146116256714,-0.6836146116256714,-0.7812738418579102,-0.9765923023223877,-1.0986663401126862,-1.1291848495602608,-1.1535996571183205,-1.1474959552288055,-1.1230811476707458,-1.1597033590078354,-1.1474959552288055,-1.025421917438507,-0.872829370200634,-0.7263405248522758,-0.555436871945858,-0.35401470959186554,-0.14648884534835815,0.05493331700563431,0.22583696991205215,0.35401470959186554,0.4272591322660446,0.46388134360313416,0.4455702379345894,0.32959990203380585,0.15259254723787308,-0.10376293212175369,-0.29908139258623123,-0.32959990203380585,-0.19531846046447754,0.0,0.0,0.1342814415693283,-0.1342814415693283,-0.3418073058128357,-0.4699850454926491,-0.5432294681668282,-0.5371257662773132,-0.4821924492716789,-0.41505172848701477,-0.3234962001442909
-0.7751701399683952,-0.6225775927305222,-0.48829615116119385,-0.4272591322660446,-0.43946653604507446,-0.49439985305070877,-0.555436871945858,-0.5798516795039177,-0.5615405738353729,-0.5432294681668282,-0.6286812946200371,-0.8362071588635445,-1.0071108117699623,-1.0925626382231712,-1.1474959552288055,-1.1535996571183205,-1.104770042002201,-1.104770042002201,-1.1291848495602608,-1.1597033590078354,-1.19022186845541,-1.1780144646763802,-1.0742515325546265,-0.9155552834272385,-0.714133121073246,-0.5127109587192535,-0.32959990203380585,-0.19531846046447754,-0.10376293212175369,-0.048829615116119385,-0.03662221133708954,-0.07324442267417908,-0.09155552834272385,-0.17090365290641785,-0.15259254723787308,-0.05493331700563431,0.14648884534835815,0.3112887963652611,0.6103701889514923,0.6408886983990669,0.4516739398241043,0.28077028691768646,0.1831110566854477,0.08545182645320892,-0.07324442267417908,-0.25025177747011185,-0.3418073058128357,-0.2929776906967163
-0.6775109097361565,-0.5432294681668282,-0.43946653604507446,-0.37842951714992523,-0.3479110077023506,-0.3234962001442909,-0.317392498254776,-0.3418073058128357,-0.38453321903944016,-0.4272591322660446,-0.5310220643877983,-0.7385479286313057,-0.9338663890957832,-1.0620441287755966,-1.1413922533392906,-1.1719107627868652,-1.19022186845541,-1.3000885024666786,-1.4648884534835815,-1.6785180196166039,-1.8494216725230217,-1.9165623933076859,-1.8433179706335068,-1.7029328271746635,-1.4954069629311562,-1.2512588873505592,-0.9949034079909325,-0.7751701399683952,-0.6164738908410072,-0.5249183624982834,-0.45777764171361923,-0.38453321903944016,-0.24414807558059692,-0.17700735479593277,0.030518509447574615,0.10376293212175369,0.10376293212175369,0.17090365290641785,0.35401470959186554,0.5432294681668282,0.6714072078466415,0.7019257172942162,0.6653035059571266,0.5981627851724625,0.46388134360313416,0.25635547935962677,0.079348124563694,0.06103701889514923
-0.7019257172942162,-0.555436871945858,-0.4028443247079849,-0.2624591812491417,-0.14038514345884323,-0.048829615116119385,-0.030518509447574615,-0.11597033590078354,-0.2624591812491417,-0.41505172848701477,-0.5676442757248878,-0.7690664380788803,-0.952177494764328,-1.0925626382231712,-1.184118166565895,-1.2573625892400742,-1.3977477326989174,-1.6052735969424248,-1.8555253744125366,-2.1179845556616783,-2.2705771028995514,-2.294991910457611,-2.227851189672947,-2.1179845556616783,-1.977599412202835,-1.7761772498488426,-1.513718068599701,-1.2085329741239548,-0.9033478796482086,-0.6591998040676117,-0.49439985305070877,-0.3479110077023506,-0.16479995101690292,-0.01831110566854477,0.18921475857496262,0.317392498254776,0.3112887963652611,0.21973326802253723,0.19531846046447754,0.2624591812491417,0.40894802659749985,0.5737479776144028,0.6775109097361565,0.6897183135151863,0.7080294191837311,0.6836146116256714,0.5920590832829475,0.5615405738353729
-0.6897183135151863,-0.45777764171361923,-0.2136295661330223,0.0,0.14648884534835815,0.19531846046447754,0.12817773967981339,-0.07324442267417908,-0.32959990203380585,-0.5615405738353729,-0.7507553324103355,-0.9155552834272385,-1.0559404268860817,-1.1780144646763802,-1.275673694908619,-1.3794366270303726,-1.5503402799367905,-1.7700735479593277,-1.9653920084238052,-2.0935697481036186,-2.1240882575511932,-2.056947536766529,-1.98370311409235,-1.9470809027552605,-1.9409772008657455,-1.9165623933076859,-1.818903163075447,-1.6113772988319397,-1.2817773967981339,-0.8667256683111191,-0.4516739398241043,-0.10376293212175369,0.158696249127388,0.3418073058128357,0.45777764171361923,0.555436871945858,0.5310220643877983,0.37842951714992523,0.23194067180156708,0.12207403779029846,0.08545182645320892,0.15259254723787308,0.2929776906967163,0.4211554303765297,0.5737479776144028,0.7446516305208206,0.8545182645320892,0.872829370200634
-0.46388134360313416,-0.18921475857496262,0.024414807558059692,0.15259254723787308,0.16479995101690292,0.09155552834272385,-0.07324442267417908,-0.33570360392332077,-0.6103701889514923,-0.8423108607530594,-1.0132145136594772,-1.110873743891716,-1.2146366760134697,-1.3000885024666786,-1.3672292232513428,-1.4526810497045517,-1.5686513856053352,-1.6907254233956337,-1.751762442290783,-1.7639698460698128,-1.7273476347327232,-1.6479995101690292,-1.5991698950529099,-1.5686513856053352,-1.5625476837158203,-1.6113772988319397,-1.6846217215061188,-1.7151402309536934,-1.593066193163395,-1.2939848005771637,-0.8423108607530594,-0.317392498254776,0.16479995101690292,0.5432294681668282,0.7446516305208206,0.8117923513054848,0.7263405248522758,0.5371257662773132,0.32959990203380585,0.14038514345884323,-0.01831110566854477,-0.09765923023223877,-0.07324442267417908,0.012207403779029846,0.11597033590078354,0.24414807558059692,0.4028443247079849,0.5249183624982834
-0.25635547935962677,-0.1342814415693283,-0.10376293212175369,-0.19531846046447754,-0.3479110077023506,-0.5127109587192535,-0.6836146116256714,-0.8484145626425743,-0.9887997061014175,-1.116977445781231,-1.2024292722344398,-1.263466291129589,-1.3245033100247383,-1.355021819472313,-1.3672292232513428,-1.3794366270303726,-1.3916440308094025,-1.3672292232513428,-1.3183996081352234,-1.3061922043561935,-1.3306070119142532,-1.3733329251408577,-1.4404736459255219,-1.4465773478150368,-1.3794366270303726,-1.3122959062457085,-1.2939848005771637,-1.355021819472313,-1.4587847515940666,-1.4831995591521263,-1.3183996081352234,-0.9582811966538429,-0.476088747382164,0.05493331700563431,0.5066072568297386,0.8178960531949997,0.8972441777586937,0.7629627361893654,0.5188146606087685,0.2624591812491417,0.01831110566854477,-0.1831110566854477,-0.2929776906967163,-0.3112887963652611,-0.2868739888072014,-0.238044373691082,-0.18921475857496262,-0.158696249127388
