data/output/wind_16.js
{"header": { "parameterNumberName":"northward_wind", "parameterUnit":"m.s-1", "parameterNumber":3, "parameterCategory":2, "nx":85, "ny":55, "numberPoints":4675, "dx":0.0833333358168602, "dy":0.0833333358168602, "la1":40.0, "lo1":-12.0, "la2":35.5, "lo2":-5.0 }, "data":
[rows 0 to 20 of 55, columns 0 to 47 of 85]
-1.1780144646763802,-1.2573625892400742,-1.19022186845541,-0.9949034079909325,-0.714133121073246,-0.41505172848701477,-0.12817773967981339,0.14038514345884323,0.38453321903944016,0.5615405738353729,0.6653035059571266,0.7263405248522758,0.7812738418579102,0.7995849475264549,0.7324442267417908,0.5615405738353729,0.3112887963652611,0.01831110566854477,-0.28077028691768646,-0.5371257662773132,-0.7324442267417908,-0.8484145626425743,-0.8667256683111191,-0.79348124563694,-0.714133121073246,-0.8056886494159698,-1.025421917438507,-1.1597033590078354,-1.110873743891716,-0.8972441777586937,-0.5371257662773132,-0.158696249127388,0.048829615116119385,0.012207403779029846,-0.29908139258623123,-0.8178960531949997,-1.2817773967981339,-1.5503402799367905,0.0,0.0,0.0,0.0,0.0,0.0,0.0,0.0,0.0,0.0
-1.1352885514497757,-1.1780144646763802,-1.0925626382231712,-0.8789330720901489,-0.5981627851724625,-0.30518509447574615,-0.024414807558059692,0.20752586424350739,0.37842951714992523,0.5005035549402237,0.6164738908410072,0.7324442267417908,0.8117923513054848,0.8056886494159698,0.6897183135151863,0.4699850454926491,0.1831110566854477,-0.12817773967981339,-0.4272591322660446,-0.6897183135151863,-0.872829370200634,-0.9704886004328728,-0.9765923023223877,-0.8972441777586937,-0.8239997550845146,-0.8789330720901489,-1.025421917438507,-1.1291848495602608,-1.104770042002201,-0.8850367739796638,-0.46388134360313416,-0.06103701889514923,0.10986663401126862,-0.03662221133708954,-0.5127109587192535,-1.0986663401126862,-1.2878810986876488,-1.0193182155489922,0.0,0.0,0.0,0.0,0.0,0.0,0.0,0.0,0.0,0.0
-1.0620441287755966,-1.0620441287755966,-0.9399700909852982,-0.7202368229627609,-0.45777764171361923,-0.19531846046447754,0.01831110566854477,0.17700735479593277,0.317392498254776,0.5005035549402237,0.7019257172942162,0.8362071588635445,0.8484145626425743,0.7446516305208206,0.5493331700563431,0.29908139258623123,0.006103701889514923,-0.30518509447574615,-0.6042664870619774,-0.8484145626425743,-1.0071108117699623,-1.0742515325546265,-1.0620441287755966,-0.9704886004328728,-0.8911404758691788,-0.9033478796482086,-1.0010071098804474,-1.104770042002201,-1.104770042002201,-0.8606219664216042,-0.39674062281847,0.030518509447574615,0.19531846046447754,-0.06714072078466415,-0.7324442267417908,-1.5503402799367905,-1.9592883065342903,0.0,0.0,0.0,0.0,0.0,0.0,0.0,0.0,0.0,0.0,0.0
-0.9643848985433578,-0.9277626872062683,-0.7812738418579102,-0.5737479776144028,-0.3418073058128357,-0.15259254723787308,-0.012207403779029846,0.1342814415693283,0.38453321903944016,0.6714072078466415,0.8545182645320892,0.8606219664216042,0.7446516305208206,0.5737479776144028,0.3662221133708954,0.12207403779029846,-0.17090365290641785,-0.4821924492716789,-0.7568590342998505,-0.9704886004328728,-1.104770042002201,-1.1535996571183205,-1.116977445781231,-1.0193182155489922,-0.9216589853167534,-0.8972441777586937,-0.9704886004328728,-1.0803552344441414,-1.0925626382231712,-0.8606219664216042,-0.3723258152604103,0.11597033590078354,0.17700735479593277,-0.37842951714992523,-1.275673694908619,-1.8066957592964172,-1.8555253744125366,0.0,0.0,0.0,0.0,0.0,0.0,0.0,0.0,0.0,0.0,0.0
-0.7812738418579102,-0.7263405248522758,-0.5981627851724625,-0.4455702379345894,-0.29908139258623123,-0.17700735479593277,-0.01831110566854477,0.238044373691082,0.5798516795039177,0.8117923513054848,0.8423108607530594,0.7263405248522758,0.5798516795039177,0.43336283415555954,0.25025177747011185,0.0,-0.2929776906967163,-0.5920590832829475,-0.8484145626425743,-1.037629321217537,-1.1474959552288055,-1.1780144646763802,-1.1291848495602608,-1.0132145136594772,-0.9094515815377235,-0.872829370200634,-0.9460737928748131,-1.0864589363336563,-1.1291848495602608,-0.79348124563694,-0.14038514345884323,0.238044373691082,-0.01831110566854477,-0.8545182645320892,-1.8799401819705963,-2.2034363821148872,-1.7273476347327232,0.0,0.0,0.0,0.0,0.0,0.0,0.0,0.0,0.0,0.0,0.0
-0.6103701889514923,-0.5493331700563431,-0.46388134360313416,-0.3723258152604103,-0.2929776906967163,-0.158696249127388,0.08545182645320892,0.4516739398241043,0.7385479286313057,0.7873775437474251,0.6653035059571266,0.5249183624982834,0.40894802659749985,0.2868739888072014,0.10986663401126862,-0.12817773967981339,-0.39674062281847,-0.6653035059571266,-0.8911404758691788,-1.0559404268860817,-1.1535996571183205,-1.1658070608973503,-1.0864589363336563,-0.9643848985433578,-0.8789330720901489,-0.9033478796482086,-1.037629321217537,-1.1291848495602608,-0.8850367739796638,-0.27466658502817154,0.21973326802253723,0.11597033590078354,-0.5920590832829475,-1.5259254723787308,-2.050843834877014,-2.1179845556616783,0.0,0.0,0.0,0.0,0.0,0.0,0.0,0.0,0.0,0.0,0.0,0.0
-0.5676442757248878,-0.4821924492716789,-0.39674062281847,-0.32959990203380585,-0.25025177747011185,-0.09155552834272385,0.21973326802253723,0.5676442757248878,0.7019257172942162,0.5981627851724625,0.43336283415555954,0.317392498254776,0.23194067180156708,0.11597033590078354,-0.04272591322660446,-0.238044373691082,-0.45777764171361923,-0.6897183135151863,-0.9155552834272385,-1.104770042002201,-1.2024292722344398,-1.1719107627868652,-1.031525619328022,-0.9033478796482086,-0.872829370200634,-0.9094515815377235,-0.9338663890957832,-0.9277626872062683,-0.8056886494159698,-0.5188146606087685,-0.3112887963652611,-0.5432294681668282,-1.3611255213618279,-2.703939937055111,-3.2227545976638794,0.0,0.0,0.0,0.0,0.0,0.0,0.0,0.0,0.0,0.0,0.0,0.0,0.0
-0.555436871945858,-0.46388134360313416,-0.3906369209289551,-0.3234962001442909,-0.24414807558059692,-0.07324442267417908,0.238044373691082,0.5188146606087685,0.5493331700563431,0.38453321903944016,0.23194067180156708,0.14038514345884323,0.06103701889514923,-0.048829615116119385,-0.18921475857496262,-0.3418073058128357,-0.5249183624982834,-0.7568590342998505,-0.9949034079909325,-1.1719107627868652,-1.2024292722344398,-1.0620441287755966,-0.872829370200634,-0.7629627361893654,-0.7812738418579102,-0.9155552834272385,-1.110873743891716,-1.3367107138037682,-1.4160588383674622,-1.1535996571183205,-0.714133121073246,-0.5798516795039177,-1.0864589363336563,-1.7822809517383575,-2.3621326312422752,0.0,0.0,0.0,0.0,0.0,0.0,0.0,0.0,0.0,0.0,0.0,0.0,0.0
-0.5615405738353729,-0.5005035549402237,-0.4516739398241043,-0.3906369209289551,-0.3112887963652611,-0.14038514345884323,0.14648884534835815,0.3418073058128357,0.2868739888072014,0.11597033590078354,0.0,-0.06714072078466415,-0.14648884534835815,-0.22583696991205215,-0.2624591812491417,-0.317392498254776,-0.46388134360313416,-0.7080294191837311,-0.9643848985433578,-1.1352885514497757,-1.1474959552288055,-1.037629321217537,-0.8850367739796638,-0.7629627361893654,-0.7751701399683952,-0.9826960042119026,-1.2451551854610443,-1.3855403289198875,-1.3306070119142532,-0.9887997061014175,-0.5127109587192535,-0.4516739398241043,-0.714133121073246,0.0,0.0,0.0,0.0,0.0,0.0,0.0,0.0,0.0,0.0,0.0,0.0,0.0,0.0,0.0
-0.5005035549402237,-0.5005035549402237,-0.5005035549402237,-0.4699850454926491,-0.4272591322660446,-0.27466658502817154,-0.024414807558059692,0.079348124563694,-0.030518509447574615,-0.17700735479593277,-0.25025177747011185,-0.3112887963652611,-0.36011841148138046,-0.3112887963652611,-0.16479995101690292,-0.11597033590078354,-0.27466658502817154,-0.555436871945858,-0.8178960531949997,-0.9949034079909325,-1.0559404268860817,-1.037629321217537,-0.9277626872062683,-0.79348124563694,-0.7812738418579102,-0.9338663890957832,-1.1230811476707458,-1.1230811476707458,-0.8667256683111191,-0.5615405738353729,-0.43946653604507446,-0.6469924002885818,0.0,0.0,0.0,0.0,0.0,0.0,0.0,0.0,0.0,0.0,0.0,0.0,0.0,0.0,0.0,0.0
-0.4028443247079849,-0.4211554303765297,-0.45777764171361923,-0.5066072568297386,-0.5249183624982834,-0.38453321903944016,-0.17090365290641785,-0.15259254723787308,-0.29908139258623123,-0.40894802659749985,-0.4455702379345894,-0.5066072568297386,-0.5188146606087685,-0.3479110077023506,-0.09765923023223877,-0.030518509447574615,-0.18921475857496262,-0.43336283415555954,-0.6591998040676117,-0.8056886494159698,-0.872829370200634,-0.8362071588635445,-0.7202368229627609,-0.6225775927305222,-0.6653035059571266,-0.8423108607530594,-0.9399700909852982,-0.8239997550845146,-0.6042664870619774,-0.6103701889514923,-0.8972441777586937,-1.19022186845541,0.0,0.0,0.0,0.0,0.0,0.0,0.0,0.0,0.0,0.0,0.0,0.0,0.0,0.0,0.0,0.0
-0.32959990203380585,-0.3662221133708954,-0.4516739398241043,-0.555436871945858,-0.5676442757248878,-0.40894802659749985,-0.2868739888072014,-0.3723258152604103,-0.5066072568297386,-0.555436871945858,-0.5737479776144028,-0.6530961021780968,-0.6897183135151863,-0.5310220643877983,-0.2868739888072014,-0.1831110566854477,-0.25025177747011185,-0.3906369209289551,-0.5493331700563431,-0.6897183135151863,-0.7568590342998505,-0.7080294191837311,-0.5615405738353729,-0.46388134360313416,-0.5371257662773132,-0.714133121073246,-0.7568590342998505,-0.6469924002885818,-0.6591998040676117,-1.0986663401126862,-1.6479995101690292,-1.6907254233956337,0.0,0.0,0.0,0.0,0.0,0.0,0.0,0.0,0.0,0.0,0.0,0.0,0.0,0.0,0.0,0.0
-0.2685628831386566,-0.3418073058128357,-0.4455702379345894,-0.5188146606087685,-0.476088747382164,-0.40894802659749985,-0.4821924492716789,-0.6286812946200371,-0.6775109097361565,-0.6286812946200371,-0.6408886983990669,-0.7690664380788803,-0.8850367739796638,-0.8484145626425743,-0.6897183135151863,-0.5432294681668282,-0.476088747382164,-0.4821924492716789,-0.5493331700563431,-0.6591998040676117,-0.7263405248522758,-0.6530961021780968,-0.4272591322660446,-0.28077028691768646,-0.3479110077023506,-0.49439985305070877,-0.5249183624982834,-0.5310220643877983,-0.8056886494159698,-1.4526810497045517,-1.8066957592964172,-1.1474959552288055,0.0,0.0,0.0,0.0,0.0,0.0,0.0,0.0,0.0,0.0,0.0,0.0,0.0,0.0,0.0,0.0
-0.22583696991205215,-0.3479110077023506,-0.43336283415555954,-0.4516739398241043,-0.45777764171361923,-0.5737479776144028,-0.7507553324103355,-0.8178960531949997,-0.7202368229627609,-0.6042664870619774,-0.6164738908410072,-0.7568590342998505,-0.9094515815377235,-0.9582811966538429,-0.8850367739796638,-0.7629627361893654,-0.6408886983990669,-0.5615405738353729,-0.5371257662773132,-0.5920590832829475,-0.6530961021780968,-0.5798516795039177,-0.317392498254776,-0.09765923023223877,-0.09765923023223877,-0.1831110566854477,-0.25635547935962677,-0.48829615116119385,-1.037629321217537,-1.7700735479593277,-2.294991910457611,0.0,0.0,0.0,0.0,0.0,0.0,0.0,0.0,0.0,0.0,0.0,0.0,0.0,0.0,0.0,0.0,0.0
-0.21973326802253723,-0.37842951714992523,-0.476088747382164,-0.5249183624982834,-0.634784996509552,-0.8178960531949997,-0.9277626872062683,-0.8606219664216042,-0.6775109097361565,-0.5615405738353729,-0.5859553813934326,-0.6958220154047012,-0.7995849475264549,-0.8484145626425743,-0.8239997550845146,-0.7385479286313057,-0.634784996509552,-0.5371257662773132,-0.4821924492716789,-0.5188146606087685,-0.6164738908410072,-0.6714072078466415,-0.5615405738353729,-0.30518509447574615,-0.15259254723787308,-0.15259254723787308,-0.317392498254776,-0.7629627361893654,-1.3977477326989174,-1.8433179706335068,-2.142399363219738,0.0,0.0,0.0,0.0,0.0,0.0,0.0,0.0,0.0,0.0,0.0,0.0,0.0,0.0,0.0,0.0,0.0
-0.238044373691082,-0.4455702379345894,-0.6103701889514923,-0.7507553324103355,-0.9094515815377235,-1.0132145136594772,-0.9704886004328728,-0.79348124563694,-0.6286812946200371,-0.5737479776144028,-0.6042664870619774,-0.6530961021780968,-0.6958220154047012,-0.7080294191837311,-0.6897183135151863,-0.634784996509552,-0.555436871945858,-0.4699850454926491,-0.41505172848701477,-0.4455702379345894,-0.555436871945858,-0.6958220154047012,-0.8423108607530594,-0.714133121073246,-0.4699850454926491,-0.36011841148138046,-0.5188146606087685,-1.0010071098804474,-1.4770958572626114,-1.4954069629311562,-1.4038514345884323,0.0,0.0,0.0,0.0,0.0,0.0,0.0,0.0,0.0,0.0,0.0,0.0,0.0,0.0,0.0,0.0,0.0
-0.29908139258623123,-0.5432294681668282,-0.7690664380788803,-0.9399700909852982,-1.037629321217537,-1.0071108117699623,-0.8667256683111191,-0.7080294191837311,-0.6225775927305222,-0.6164738908410072,-0.6286812946200371,-0.6103701889514923,-0.5798516795039177,-0.5493331700563431,-0.5066072568297386,-0.4455702379345894,-0.3662221133708954,-0.2868739888072014,-0.21973326802253723,-0.21973326802253723,-0.30518509447574615,-0.48829615116119385,-0.7202368229627609,-0.8178960531949997,-0.7324442267417908,-0.6530961021780968,-0.7507553324103355,-1.1474959552288055,-1.4709921553730965,-1.263466291129589,-0.8178960531949997,-0.6897183135151863,-0.5188146606087685,-0.5798516795039177,0.0,0.0,0.0,0.0,0.0,0.0,0.0,0.0,0.0,0.0,0.0,0.0,0.0,0.0
-0.38453321903944016,-0.5920590832829475,-0.7995849475264549,-0.9399700909852982,-0.9643848985433578,-0.8850367739796638,-0.7446516305208206,-0.6408886983990669,-0.6042664870619774,-0.5981627851724625,-0.5920590832829475,-0.555436871945858,-0.5066072568297386,-0.4516739398241043,-0.38453321903944016,-0.3112887963652611,-0.238044373691082,-0.158696249127388,-0.09155552834272385,-0.05493331700563431,-0.07324442267417908,-0.1831110566854477,-0.3662221133708954,-0.5981627851724625,-0.7751701399683952,-0.8239997550845146,-0.9033478796482086,-1.275673694908619,-1.5320291742682457,-1.2268440797924995,-0.7263405248522758,-0.5066072568297386,-0.4821924492716789,-0.9277626872062683,0.0,0.0,0.0,0.0,0.0,0.0,0.0,0.0,0.0,0.0,0.0,0.0,0.0,0.0
-0.48829615116119385,-0.6286812946200371,-0.7690664380788803,-0.8606219664216042,-0.8606219664216042,-0.7751701399683952,-0.6714072078466415,-0.5920590832829475,-0.555436871945858,-0.5371257662773132,-0.5188146606087685,-0.49439985305070877,-0.4516739398241043,-0.40894802659749985,-0.3479110077023506,-0.2868739888072014,-0.21973326802253723,-0.15259254723787308,-0.08545182645320892,-0.030518509447574615,-0.012207403779029846,-0.04272591322660446,-0.15259254723787308,-0.317392498254776,-0.5066072568297386,-0.7202368229627609,-1.0193182155489922,-1.342814415693283,-1.3794366270303726,-1.0742515325546265,-0.6897183135151863,-0.6958220154047012,-0.9949034079909325,-1.7212439328432083,0.0,0.0,0.0,0.0,0.0,0.0,0.0,0.0,0.0,0.0,0.0,0.0,0.0,0.0
-0.555436871945858,-0.6164738908410072,-0.6897183135151863,-0.7385479286313057,-0.7263405248522758,-0.6591998040676117,-0.5798516795039177,-0.5066072568297386,-0.4699850454926491,-0.4516739398241043,-0.4455702379345894,-0.43336283415555954,-0.41505172848701477,-0.38453321903944016,-0.3479110077023506,-0.3112887963652611,-0.2685628831386566,-0.21973326802253723,-0.158696249127388,-0.10376293212175369,-0.06714072078466415,-0.06103701889514923,-0.10986663401126862,-0.1831110566854477,-0.24414807558059692,-0.4821924492716789,-0.9582811966538429,-1.2024292722344398,-1.2268440797924995,-1.0803552344441414,-0.8362071588635445,-0.8789330720901489,-1.1474959552288055,-1.19022186845541,-1.110873743891716,-0.8484145626425743,-0.9155552834272385,-1.0010071098804474,0.0,0.0,0.0,0.0,0.0,0.0,0.0,0.0,0.0,0.0
-0.5432294681668282,-0.5615405738353729,-0.5737479776144028,-0.5676442757248878,-0.5310220643877983,-0.4699850454926491,-0.4028443247079849,-0.3418073058128357,-0.30518509447574615,-0.2929776906967163,-0.2929776906967163,-0.29908139258623123,-0.30518509447574615,-0.30518509447574615,-0.30518509447574615,-0.30518509447574615,-0.3112887963652611,-0.30518509447574615,-0.28077028691768646,-0.238044373691082,-0.21973326802253723,-0.20142216235399246,-0.18921475857496262,-0.17700735479593277,-0.1342814415693283,-0.22583696991205215,-0.5737479776144028,-0.8423108607530594,-1.0864589363336563,-1.1230811476707458,-1.025421917438507,-0.9765923023223877,-1.0803552344441414,-1.037629321217537,-0.8301034569740295,-0.8301034569740295,-0.9399700909852982,-1.0498367249965668,-1.1658070608973503,0.0,0.0,0.0,0.0,0.0,0.0,0.0,0.0,0.0
