data/output/wind_16.js
{"header": { "parameterNumberName":"northward_wind", "parameterUnit":"m.s-1", "parameterNumber":3, "parameterCategory":2, "nx":85, "ny":55, "numberPoints":4675, "dx":0.0833333358168602, "dy":0.0833333358168602, "la1":40.0, "lo1":-12.0, "la2":35.5, "lo2":-5.0 }, "data":
[rows 21 to 41 of 55, columns 0 to 47 of 85]
-0.5066072568297386,-0.5066072568297386,-0.4821924492716789,-0.4211554303765297,-0.36011841148138046,-0.29908139258623123,-0.25635547935962677,-0.21973326802253723,-0.18921475857496262,-0.17700735479593277,-0.17090365290641785,-0.17700735479593277,-0.17700735479593277,-0.18921475857496262,-0.20142216235399246,-0.238044373691082,-0.28077028691768646,-0.3234962001442909,-0.3418073058128357,-0.3418073058128357,-0.3662221133708954,-0.36011841148138046,-0.3234962001442909,-0.25025177747011185,-0.15259254723787308,-0.11597033590078354,-0.317392498254776,-0.5859553813934326,-0.8484145626425743,-1.0681478306651115,-1.1780144646763802,-1.1597033590078354,-1.2512588873505592,-1.3733329251408577,-1.3245033100247383,-1.1658070608973503,-1.0864589363336563,-1.0864589363336563,-1.2878810986876488,0.0,0.0,0.0,0.0,0.0,0.0,0.0,0.0,0.0
-0.5127109587192535,-0.4455702379345894,-0.3112887963652611,-0.17090365290641785,-0.10376293212175369,-0.09765923023223877,-0.12817773967981339,-0.15259254723787308,-0.158696249127388,-0.14038514345884323,-0.11597033590078354,-0.09155552834272385,-0.079348124563694,-0.07324442267417908,-0.09155552834272385,-0.12817773967981339,-0.18921475857496262,-0.2624591812491417,-0.3234962001442909,-0.3723258152604103,-0.4211554303765297,-0.4272591322660446,-0.3723258152604103,-0.2685628831386566,-0.16479995101690292,-0.11597033590078354,-0.18921475857496262,-0.43946653604507446,-0.7324442267417908,-0.9949034079909325,-1.2207403779029846,-1.342814415693283,-1.5320291742682457,-1.7334513366222382,-1.7273476347327232,-1.4099551364779472,-1.116977445781231,-1.0681478306651115,-1.348918117582798,0.0,0.0,0.0,0.0,0.0,0.0,0.0,0.0,0.0
-0.5066072568297386,-0.2929776906967163,-0.006103701889514923,0.19531846046447754,0.21973326802253723,0.11597033590078354,-0.024414807558059692,-0.1342814415693283,-0.1831110566854477,-0.16479995101690292,-0.10376293212175369,-0.030518509447574615,0.024414807558059692,0.05493331700563431,0.048829615116119385,0.012207403779029846,-0.048829615116119385,-0.12817773967981339,-0.21973326802253723,-0.30518509447574615,-0.3723258152604103,-0.37842951714992523,-0.29908139258623123,-0.17700735479593277,-0.09765923023223877,-0.10986663401126862,-0.21973326802253723,-0.4211554303765297,-0.7446516305208206,-1.0437330231070518,-1.3122959062457085,-1.5625476837158203,-1.831110566854477,-2.0386364310979843,-1.9592883065342903,-1.4831995591521263,-1.0803552344441414,-1.0071108117699623,-1.2268440797924995,0.0,0.0,0.0,0.0,0.0,0.0,0.0,0.0,0.0
-0.5127109587192535,-0.12817773967981339,0.317392498254776,0.5432294681668282,0.4699850454926491,0.23194067180156708,-0.030518509447574615,-0.21973326802253723,-0.2929776906967163,-0.24414807558059692,-0.10376293212175369,0.06714072078466415,0.20142216235399246,0.27466658502817154,0.29908139258623123,0.27466658502817154,0.22583696991205215,0.14648884534835815,0.05493331700563431,-0.04272591322660446,-0.12207403779029846,-0.14038514345884323,-0.10376293212175369,-0.04272591322660446,-0.04272591322660446,-0.1342814415693283,-0.3112887963652611,-0.5859553813934326,-0.9399700909852982,-1.3306070119142532,-1.6479995101690292,-1.9287697970867157,-2.1851252764463425,-2.2827845066785812,-2.0264290273189545,-1.4099551364779472,-1.0193182155489922,-0.9643848985433578,-1.1413922533392906,0.0,0.0,0.0,0.0,0.0,0.0,0.0,0.0,0.0
-0.5066072568297386,0.030518509447574615,0.5981627851724625,0.7873775437474251,0.6042664870619774,0.28077028691768646,-0.04272591322660446,-0.25635547935962677,-0.3234962001442909,-0.23194067180156708,-0.024414807558059692,0.2136295661330223,0.4028443247079849,0.5127109587192535,0.5249183624982834,0.476088747382164,0.40894802659749985,0.33570360392332077,0.25025177747011185,0.16479995101690292,0.08545182645320892,0.012207403779029846,-0.03662221133708954,-0.079348124563694,-0.14648884534835815,-0.2929776906967163,-0.5005035549402237,-0.8423108607530594,-1.3122959062457085,-1.7944883555173874,-2.1057771518826485,-2.3255104199051857,-2.465895563364029,-2.3621326312422752,-1.8616290763020515,-1.196325570344925,-0.9216589853167534,-0.9643848985433578,-1.104770042002201,0.0,0.0,0.0,0.0,0.0,0.0,0.0,0.0,0.0
-0.4821924492716789,0.14648884534835815,0.7080294191837311,0.7690664380788803,0.5249183624982834,0.18921475857496262,-0.11597033590078354,-0.25635547935962677,-0.238044373691082,-0.08545182645320892,0.14038514345884323,0.3662221133708954,0.5188146606087685,0.5615405738353729,0.48829615116119385,0.38453321903944016,0.29908139258623123,0.2624591812491417,0.24414807558059692,0.2136295661330223,0.1342814415693283,0.024414807558059692,-0.079348124563694,-0.158696249127388,-0.24414807558059692,-0.4028443247079849,-0.6653035059571266,-1.110873743891716,-1.6968291252851486,-2.1912289783358574,-2.447584457695484,-2.606280706822872,-2.5940733030438423,-2.2583696991205215,-1.6052735969424248,-0.9582811966538429,-0.7751701399683952,-0.8789330720901489,-0.9704886004328728,0.0,0.0,0.0,0.0,0.0,0.0,0.0,0.0,0.0
-0.476088747382164,0.09155552834272385,0.5127109587192535,0.48829615116119385,0.27466658502817154,0.006103701889514923,-0.18921475857496262,-0.19531846046447754,-0.06103701889514923,0.11597033590078354,0.317392498254776,0.49439985305070877,0.5920590832829475,0.5493331700563431,0.41505172848701477,0.28077028691768646,0.2868739888072014,0.4516739398241043,0.6408886983990669,0.6714072078466415,0.5371257662773132,0.3479110077023506,0.15259254723787308,-0.030518509447574615,-0.24414807558059692,-0.5249183624982834,-0.9216589853167534,-1.4831995591521263,-2.0813623443245888,-2.4781029671430588,-2.6795251294970512,-2.7588732540607452,-2.5696584954857826,-2.056947536766529,-1.3672292232513428,-0.7873775437474251,-0.6591998040676117,-0.8056886494159698,-0.9887997061014175,0.0,0.0,0.0,0.0,0.0,0.0,0.0,0.0,0.0
-0.5249183624982834,-0.079348124563694,0.19531846046447754,0.14648884534835815,0.01831110566854477,-0.11597033590078354,-0.158696249127388,-0.030518509447574615,0.17700735479593277,0.36011841148138046,0.5188146606087685,0.6408886983990669,0.6653035059571266,0.5859553813934326,0.4272591322660446,0.33570360392332077,0.476088747382164,0.8606219664216042,1.1291848495602608,1.037629321217537,0.7751701399683952,0.5005035549402237,0.20752586424350739,-0.08545182645320892,-0.4211554303765297,-0.8362071588635445,-1.342814415693283,-1.9165623933076859,-2.38044373691082,-2.6429029181599617,-2.783288061618805,-2.7283547446131706,-2.3560289293527603,-1.7639698460698128,-1.116977445781231,-0.6103701889514923,-0.5249183624982834,-0.6836146116256714,-0.9643848985433578,0.0,0.0,0.0,0.0,0.0,0.0,0.0,0.0,0.0
-0.634784996509552,-0.2929776906967163,-0.11597033590078354,-0.14038514345884323,-0.158696249127388,-0.14038514345884323,-0.06103701889514923,0.14648884534835815,0.3723258152604103,0.5371257662773132,0.6653035059571266,0.7324442267417908,0.714133121073246,0.6042664870619774,0.43336283415555954,0.33570360392332077,0.5310220643877983,0.9949034079909325,1.2329477816820145,1.0498367249965668,0.7812738418579102,0.49439985305070877,0.1342814415693283,-0.24414807558059692,-0.6714072078466415,-1.1597033590078354,-1.6785180196166039,-2.130191959440708,-2.4414807558059692,-2.624591812491417,-2.6734214276075363,-2.459791861474514,-1.989806815981865,-1.4160588383674622,-0.8423108607530594,-0.40894802659749985,-0.3662221133708954,-0.6225775927305222,-1.110873743891716,0.0,0.0,0.0,0.0,0.0,0.0,0.0,0.0,0.0
-0.8178960531949997,-0.5676442757248878,-0.4455702379345894,-0.41505172848701477,-0.2929776906967163,-0.12207403779029846,0.05493331700563431,0.2685628831386566,0.476088747382164,0.6408886983990669,0.7751701399683952,0.8484145626425743,0.79348124563694,0.6164738908410072,0.3723258152604103,0.238044373691082,0.476088747382164,0.9704886004328728,1.1413922533392906,0.9155552834272385,0.6591998040676117,0.35401470959186554,-0.030518509447574615,-0.40894802659749985,-0.8545182645320892,-1.3306070119142532,-1.7700735479593277,-2.1179845556616783,-2.3499252274632454,-2.453688159584999,-2.39265114068985,-2.063051238656044,-1.5991698950529099,-1.0986663401126862,-0.6042664870619774,-0.25635547935962677,-0.29908139258623123,-0.714133121073246,-1.4099551364779472,0.0,0.0,0.0,0.0,0.0,0.0,0.0,0.0,0.0
-1.025421917438507,-0.8301034569740295,-0.7263405248522758,-0.6164738908410072,-0.3723258152604103,-0.08545182645320892,0.1342814415693283,0.30518509447574615,0.476088747382164,0.6591998040676117,0.8545182645320892,0.9582811966538429,0.8545182645320892,0.5615405738353729,0.21973326802253723,0.03662221133708954,0.2685628831386566,0.714133121073246,0.79348124563694,0.5615405738353729,0.3479110077023506,0.079348124563694,-0.25635547935962677,-0.5920590832829475,-0.9765923023223877,-1.3672292232513428,-1.6907254233956337,-1.9226660951972008,-2.0386364310979843,-2.0142216235399246,-1.8494216725230217,-1.5381328761577606,-1.19022186845541,-0.7995849475264549,-0.41505172848701477,-0.24414807558059692,-0.4699850454926491,-0.9216589853167534,-1.4648884534835815,0.0,0.0,0.0,0.0,0.0,0.0,0.0,0.0,0.0
-1.1719107627868652,-1.0193182155489922,-0.9094515815377235,-0.7324442267417908,-0.38453321903944016,-0.04272591322660446,0.158696249127388,0.27466658502817154,0.39674062281847,0.5981627851724625,0.8667256683111191,1.031525619328022,0.9033478796482086,0.49439985305070877,0.04272591322660446,-0.20752586424350739,-0.048829615116119385,0.3234962001442909,0.3906369209289551,0.17090365290641785,-0.03662221133708954,-0.23194067180156708,-0.45777764171361923,-0.7080294191837311,-0.9826960042119026,-1.2329477816820145,-1.4038514345884323,-1.4831995591521263,-1.4709921553730965,-1.3733329251408577,-1.2268440797924995,-1.0620441287755966,-0.8545182645320892,-0.5859553813934326,-0.3479110077023506,-0.4028443247079849,-0.7629627361893654,-1.031525619328022,-1.0742515325546265,0.0,0.0,0.0,0.0,0.0,0.0,0.0,0.0,0.0
-1.2451551854610443,-1.1413922533392906,-1.0193182155489922,-0.7629627361893654,-0.3662221133708954,-0.030518509447574615,0.1342814415693283,0.20752586424350739,0.3112887963652611,0.5066072568297386,0.8056886494159698,1.025421917438507,0.9033478796482086,0.4516739398241043,-0.06714072078466415,-0.37842951714992523,-0.30518509447574615,0.024414807558059692,0.16479995101690292,0.012207403779029846,-0.19531846046447754,-0.3662221133708954,-0.5066072568297386,-0.6469924002885818,-0.79348124563694,-0.9094515815377235,-0.9582811966538429,-0.952177494764328,-0.9094515815377235,-0.8667256683111191,-0.8423108607530594,-0.8117923513054848,-0.7385479286313057,-0.634784996509552,-0.6103701889514923,-0.79348124563694,-1.0620441287755966,-1.3000885024666786,-0.9765923023223877,0.0,0.0,0.0,0.0,0.0,0.0,0.0,0.0,0.0
-1.2939848005771637,-1.2207403779029846,-1.0559404268860817,-0.7263405248522758,-0.3234962001442909,-0.05493331700563431,0.06714072078466415,0.15259254723787308,0.2624591812491417,0.4272591322660446,0.6836146116256714,0.9216589853167534,0.8423108607530594,0.4028443247079849,-0.1342814415693283,-0.48829615116119385,-0.48829615116119385,-0.158696249127388,0.11597033590078354,0.079348124563694,-0.08545182645320892,-0.20142216235399246,-0.28077028691768646,-0.3418073058128357,-0.40894802659749985,-0.46388134360313416,-0.49439985305070877,-0.5127109587192535,-0.5432294681668282,-0.6042664870619774,-0.6897183135151863,-0.7812738418579102,-0.8850367739796638,-1.0193182155489922,-1.104770042002201,-1.0803552344441414,-0.9216589853167534,-0.7446516305208206,0.0,0.0,0.0,0.0,0.0,0.0,0.0,0.0,0.0,0.0
-1.2939848005771637,-1.184118166565895,-0.9399700909852982,-0.6042664870619774,-0.317392498254776,-0.14648884534835815,-0.024414807558059692,0.1342814415693283,0.27466658502817154,0.38453321903944016,0.5371257662773132,0.7324442267417908,0.7019257172942162,0.3112887963652611,-0.18921475857496262,-0.5310220643877983,-0.5493331700563431,-0.1831110566854477,0.21973326802253723,0.2624591812491417,0.09765923023223877,-0.006103701889514923,-0.04272591322660446,-0.06103701889514923,-0.10376293212175369,-0.16479995101690292,-0.238044373691082,-0.32959990203380585,-0.4455702379345894,-0.5981627851724625,-0.7751701399683952,-0.9949034079909325,-1.3000885024666786,-1.5381328761577606,-1.4465773478150368,-1.1413922533392906,-0.952177494764328,0.0,0.0,-0.28077028691768646,-0.03662221133708954,-0.05493331700563431,0.0,0.048829615116119385,0.06714072078466415,0.079348124563694,0.10986663401126862,0.1342814415693283
-1.1597033590078354,-0.9949034079909325,-0.7568590342998505,-0.5188146606087685,-0.3662221133708954,-0.25025177747011185,-0.08545182645320892,0.14648884534835815,0.32959990203380585,0.37842951714992523,0.40894802659749985,0.5310220643877983,0.5066072568297386,0.158696249127388,-0.27466658502817154,-0.5371257662773132,-0.4699850454926491,-0.06103701889514923,0.2868739888072014,0.25635547935962677,0.10376293212175369,0.06103701889514923,0.09765923023223877,0.10376293212175369,0.079348124563694,0.0,-0.11597033590078354,-0.27466658502817154,-0.4516739398241043,-0.6408886983990669,-0.872829370200634,-1.184118166565895,-1.5381328761577606,-1.6174810007214546,-1.3855403289198875,-1.110873743891716,-0.5920590832829475,-0.4272591322660446,0.19531846046447754,0.07324442267417908,-0.09765923023223877,-0.10986663401126862,0.006103701889514923,0.07324442267417908,0.05493331700563431,0.05493331700563431,0.11597033590078354,0.14648884534835815
-0.952177494764328,-0.8056886494159698,-0.6469924002885818,-0.5127109587192535,-0.40894802659749985,-0.2929776906967163,-0.09765923023223877,0.17700735479593277,0.36011841148138046,0.3479110077023506,0.29908139258623123,0.35401470959186554,0.2929776906967163,-0.024414807558059692,-0.38453321903944016,-0.5310220643877983,-0.3723258152604103,-0.03662221133708954,0.05493331700563431,-0.09155552834272385,-0.1342814415693283,-0.006103701889514923,0.14038514345884323,0.25635547935962677,0.2929776906967163,0.25025177747011185,0.12817773967981339,-0.06714072078466415,-0.30518509447574615,-0.555436871945858,-0.8178960531949997,-1.116977445781231,-1.3916440308094025,-1.3916440308094025,-1.3122959062457085,-1.031525619328022,-0.30518509447574615,0.22583696991205215,0.37842951714992523,0.18921475857496262,-0.048829615116119385,-0.079348124563694,-0.048829615116119385,-0.06103701889514923,-0.12817773967981339,-0.1342814415693283,0.030518509447574615,0.15259254723787308
-0.7995849475264549,-0.6775109097361565,-0.5432294681668282,-0.4211554303765297,-0.3234962001442909,-0.22583696991205215,-0.06103701889514923,0.15259254723787308,0.27466658502817154,0.2136295661330223,0.1342814415693283,0.14038514345884323,0.03662221133708954,-0.25635547935962677,-0.5127109587192535,-0.555436871945858,-0.41505172848701477,-0.3112887963652611,-0.41505172848701477,-0.5005035549402237,-0.33570360392332077,-0.03662221133708954,0.23194067180156708,0.40894802659749985,0.5005035549402237,0.5066072568297386,0.4211554303765297,0.22583696991205215,-0.03662221133708954,-0.3418073058128357,-0.6591998040676117,-0.9643848985433578,-1.1658070608973503,-1.1658070608973503,-1.1413922533392906,-0.872829370200634,-0.3112887963652611,0.19531846046447754,0.4028443247079849,0.3234962001442909,0.12207403779029846,-0.01831110566854477,-0.12207403779029846,-0.17090365290641785,-0.25025177747011185,-0.28077028691768646,-0.14038514345884323,0.09155552834272385
-0.5920590832829475,-0.41505172848701477,-0.25025177747011185,-0.15259254723787308,-0.12817773967981339,-0.14038514345884323,-0.12207403779029846,-0.048829615116119385,-0.012207403779029846,-0.05493331700563431,-0.07324442267417908,-0.08545182645320892,-0.24414807558059692,-0.49439985305070877,-0.6530961021780968,-0.6775109097361565,-0.6897183135151863,-0.79348124563694,-0.8972441777586937,-0.7629627361893654,-0.35401470959186554,0.08545182645320892,0.3662221133708954,0.5310220643877983,0.634784996509552,0.6714072078466415,0.6530961021780968,0.5432294681668282,0.3418073058128357,0.06103701889514923,-0.2624591812491417,-0.5859553813934326,-0.8362071588635445,-0.9338663890957832,-0.9277626872062683,-0.7568590342998505,-0.38453321903944016,0.04272591322660446,0.29908139258623123,0.32959990203380585,0.25025177747011185,0.15259254723787308,0.05493331700563431,-0.012207403779029846,-0.09765923023223877,-0.14648884534835815,-0.05493331700563431,0.12207403779029846
-0.28077028691768646,-0.048829615116119385,0.07324442267417908,0.048829615116119385,-0.08545182645320892,-0.25025177747011185,-0.36011841148138046,-0.38453321903944016,-0.3723258152604103,-0.32959990203380585,-0.2624591812491417,-0.29908139258623123,-0.476088747382164,-0.6653035059571266,-0.7812738418579102,-0.8606219664216042,-0.9887997061014175,-1.1230811476707458,-1.0925626382231712,-0.7446516305208206,-0.19531846046447754,0.238044373691082,0.476088747382164,0.634784996509552,0.714133121073246,0.7263405248522758,0.7080294191837311,0.6775109097361565,0.6103701889514923,0.476088747382164,0.25025177747011185,-0.030518509447574615,-0.30518509447574615,-0.5127109587192535,-0.6286812946200371,-0.6408886983990669,-0.48829615116119385,-0.21973326802253723,-0.006103701889514923,0.10986663401126862,0.1831110566854477,0.2136295661330223,0.19531846046447754,0.14038514345884323,0.08545182645320892,0.048829615116119385,0.079348124563694,0.2136295661330223
0.05493331700563431,0.20752586424350739,0.17090365290641785,-0.030518509447574615,-0.27466658502817154,-0.48829615116119385,-0.6225775927305222,-0.6530961021780968,-0.6042664870619774,-0.49439985305070877,-0.39674062281847,-0.4455702379345894,-0.5981627851724625,-0.7507553324103355,-0.8606219664216042,-0.9765923023223877,-1.1291848495602608,-1.2207403779029846,-1.0864589363336563,-0.6714072078466415,-0.17090365290641785,0.1831110566854477,0.43336283415555954,0.6286812946200371,0.7324442267417908,0.7385479286313057,0.7080294191837311,0.6714072078466415,0.6469924002885818,0.6408886983990669,0.5981627851724625,0.476088747382164,0.2685628831386566,0.01831110566854477,-0.20752586424350739,-0.3906369209289551,-0.476088747382164,-0.4516739398241043,-0.3723258152604103,-0.25635547935962677,-0.10376293212175369,0.05493331700563431,0.17090365290641785,0.20752586424350739,0.2136295661330223,0.22583696991205215,0.2624591812491417,0.29908139258623123
