data/netcdf/teste/wind5.json
{"header": { "parameterNumberName":"northward_wind", "parameterUnit":"m.s-1", "parameterNumber":3, "parameterCategory":2, "nx":85, "ny":55, "numberPoints":4675, "dx":0.0833333358168602, "dy":0.0833333358168602, "la1":40.0, "lo1":-12.0, "la2":35.5, "lo2":-5.0 }, "data":
[rows 0 to 20 of 55, columns 0 to 47 of 85]
-0.9826960042119026,-1.0864589363336563,-1.0620441287755966,-0.8911404758691788,-0.6225775927305222,-0.3112887963652611,-0.012207403779029846,0.2624591812491417,0.5066072568297386,0.6775109097361565,0.7690664380788803,0.8239997550845146,0.8667256683111191,0.8667256683111191,0.7812738418579102,0.5920590832829475,0.3234962001442909,0.012207403779029846,-0.30518509447574615,-0.5859553813934326,-0.8056886494159698,-0.9155552834272385,-0.9094515815377235,-0.7995849475264549,-0.7019257172942162,-0.79348124563694,-1.0193182155489922,-1.1597033590078354,-1.104770042002201,-0.8972441777586937,-0.555436871945858,-0.20142216235399246,0.024414807558059692,0.024414807558059692,-0.23194067180156708,-0.6897183135151863,-1.1230811476707458,-1.3672292232513428,0.0,0.0,0.0,0.0,0.0,0.0,0.0,0.0,0.0,0.0
-0.9643848985433578,-1.037629321217537,-0.9887997061014175,-0.79348124563694,-0.5127109587192535,-0.20142216235399246,0.08545182645320892,0.3234962001442909,0.49439985305070877,0.6042664870619774,0.714133121073246,0.8178960531949997,0.8850367739796638,0.8606219664216042,0.7202368229627609,0.4821924492716789,0.17700735479593277,-0.15259254723787308,-0.476088747382164,-0.7568590342998505,-0.952177494764328,-1.0437330231070518,-1.0193182155489922,-0.9033478796482086,-0.8117923513054848,-0.8667256683111191,-1.025421917438507,-1.1291848495602608,-1.104770042002201,-0.9033478796482086,-0.5066072568297386,-0.12207403779029846,0.07324442267417908,-0.01831110566854477,-0.4211554303765297,-0.9277626872062683,-1.1352885514497757,-0.8972441777586937,0.0,0.0,0.0,0.0,0.0,0.0,0.0,0.0,0.0,0.0
-0.9216589853167534,-0.9582811966538429,-0.8606219664216042,-0.6469924002885818,-0.3723258152604103,-0.09765923023223877,0.12817773967981339,0.28077028691768646,0.41505172848701477,0.5981627851724625,0.79348124563694,0.9094515815377235,0.8972441777586937,0.7751701399683952,0.5676442757248878,0.29908139258623123,-0.012207403779029846,-0.3418073058128357,-0.6591998040676117,-0.9216589853167534,-1.0925626382231712,-1.1474959552288055,-1.104770042002201,-0.9887997061014175,-0.8850367739796638,-0.8972441777586937,-1.0010071098804474,-1.110873743891716,-1.116977445781231,-0.8972441777586937,-0.45777764171361923,-0.030518509447574615,0.16479995101690292,-0.030518509447574615,-0.6164738908410072,-1.3367107138037682,-1.7151402309536934,0.0,0.0,0.0,0.0,0.0,0.0,0.0,0.0,0.0,0.0,0.0
-0.8606219664216042,-0.8545182645320892,-0.7263405248522758,-0.5127109587192535,-0.2685628831386566,-0.06103701889514923,0.08545182645320892,0.22583696991205215,0.45777764171361923,0.7446516305208206,0.9216589853167534,0.9155552834272385,0.7812738418579102,0.6042664870619774,0.39674062281847,0.1342814415693283,-0.17090365290641785,-0.5005035549402237,-0.7995849475264549,-1.037629321217537,-1.1719107627868652,-1.2085329741239548,-1.1535996571183205,-1.037629321217537,-0.9216589853167534,-0.8972441777586937,-0.9704886004328728,-1.0864589363336563,-1.116977445781231,-0.8911404758691788,-0.39674062281847,0.09155552834272385,0.20142216235399246,-0.25025177747011185,-1.0437330231070518,-1.5686513856053352,-1.6418958082795143,0.0,0.0,0.0,0.0,0.0,0.0,0.0,0.0,0.0,0.0,0.0
-0.7263405248522758,-0.6897183135151863,-0.555436871945858,-0.38453321903944016,-0.2136295661330223,-0.08545182645320892,0.05493331700563431,0.2929776906967163,0.6225775927305222,0.872829370200634,0.9033478796482086,0.7873775437474251,0.634784996509552,0.476088747382164,0.2868739888072014,0.030518509447574615,-0.28077028691768646,-0.5981627851724625,-0.8850367739796638,-1.0925626382231712,-1.2024292722344398,-1.2207403779029846,-1.1535996571183205,-1.031525619328022,-0.9094515815377235,-0.872829370200634,-0.9399700909852982,-1.0620441287755966,-1.0803552344441414,-0.7324442267417908,-0.10986663401126862,0.25025177747011185,0.06103701889514923,-0.6469924002885818,-1.58696249127388,-1.9348734989762306,-1.5381328761577606,0.0,0.0,0.0,0.0,0.0,0.0,0.0,0.0,0.0,0.0,0.0
-0.5798516795039177,-0.5188146606087685,-0.41505172848701477,-0.29908139258623123,-0.20752586424350739,-0.09765923023223877,0.11597033590078354,0.45777764171361923,0.7568590342998505,0.8423108607530594,0.7385479286313057,0.5920590832829475,0.4699850454926491,0.3418073058128357,0.17090365290641785,-0.07324442267417908,-0.3662221133708954,-0.6653035059571266,-0.9277626872062683,-1.110873743891716,-1.196325570344925,-1.184118166565895,-1.0986663401126862,-0.9643848985433578,-0.8789330720901489,-0.9094515815377235,-1.031525619328022,-1.0681478306651115,-0.8117923513054848,-0.24414807558059692,0.22583696991205215,0.17700735479593277,-0.4028443247079849,-1.2146366760134697,-1.7029328271746635,-1.7944883555173874,0.0,0.0,0.0,0.0,0.0,0.0,0.0,0.0,0.0,0.0,0.0,0.0
-0.5493331700563431,-0.45777764171361923,-0.35401470959186554,-0.25635547935962677,-0.17700735479593277,-0.04272591322660446,0.20142216235399246,0.5310220643877983,0.7202368229627609,0.6653035059571266,0.5066072568297386,0.37842951714992523,0.29908139258623123,0.20142216235399246,0.05493331700563431,-0.14648884534835815,-0.4028443247079849,-0.6836146116256714,-0.9460737928748131,-1.1413922533392906,-1.2268440797924995,-1.1780144646763802,-1.031525619328022,-0.8911404758691788,-0.8484145626425743,-0.872829370200634,-0.8972441777586937,-0.872829370200634,-0.7202368229627609,-0.38453321903944016,-0.09765923023223877,-0.22583696991205215,-0.9277626872062683,-2.1729178726673126,-2.691732533276081,0.0,0.0,0.0,0.0,0.0,0.0,0.0,0.0,0.0,0.0,0.0,0.0,0.0
-0.5493331700563431,-0.43946653604507446,-0.33570360392332077,-0.24414807558059692,-0.16479995101690292,-0.048829615116119385,0.19531846046447754,0.4821924492716789,0.5737479776144028,0.4516739398241043,0.2929776906967163,0.19531846046447754,0.14038514345884323,0.07324442267417908,-0.03662221133708954,-0.20752586424350739,-0.4455702379345894,-0.7263405248522758,-1.0010071098804474,-1.2024292722344398,-1.2268440797924995,-1.0559404268860817,-0.8423108607530594,-0.7202368229627609,-0.7446516305208206,-0.872829370200634,-1.025421917438507,-1.1658070608973503,-1.1474959552288055,-0.8117923513054848,-0.29908139258623123,-0.10986663401126862,-0.6103701889514923,-1.3183996081352234,-1.8677327781915665,0.0,0.0,0.0,0.0,0.0,0.0,0.0,0.0,0.0,0.0,0.0,0.0,0.0
-0.5310220643877983,-0.4516739398241043,-0.3723258152604103,-0.29908139258623123,-0.23194067180156708,-0.1342814415693283,0.09155552834272385,0.317392498254776,0.3234962001442909,0.17090365290641785,0.03662221133708954,-0.012207403779029846,-0.012207403779029846,0.006103701889514923,-0.024414807558059692,-0.17700735479593277,-0.4455702379345894,-0.7568590342998505,-1.031525619328022,-1.1780144646763802,-1.1230811476707458,-0.9155552834272385,-0.7263405248522758,-0.6530961021780968,-0.7507553324103355,-0.9582811966538429,-1.1230811476707458,-1.1413922533392906,-0.9826960042119026,-0.555436871945858,-0.048829615116119385,0.024414807558059692,-0.24414807558059692,0.0,0.0,0.0,0.0,0.0,0.0,0.0,0.0,0.0,0.0,0.0,0.0,0.0,0.0,0.0
-0.46388134360313416,-0.43336283415555954,-0.40894802659749985,-0.37842951714992523,-0.36011841148138046,-0.2868739888072014,-0.079348124563694,0.07324442267417908,0.006103701889514923,-0.14648884534835815,-0.23194067180156708,-0.21973326802253723,-0.09765923023223877,0.07324442267417908,0.12207403779029846,-0.06103701889514923,-0.37842951714992523,-0.7080294191837311,-0.9704886004328728,-1.0986663401126862,-1.0803552344441414,-0.9643848985433578,-0.7995849475264549,-0.6653035059571266,-0.6653035059571266,-0.8117923513054848,-0.9460737928748131,-0.8484145626425743,-0.5066072568297386,-0.10986663401126862,0.024414807558059692,-0.22583696991205215,0.0,0.0,0.0,0.0,0.0,0.0,0.0,0.0,0.0,0.0,0.0,0.0,0.0,0.0,0.0,0.0
-0.36011841148138046,-0.35401470959186554,-0.3723258152604103,-0.40894802659749985,-0.4699850454926491,-0.41505172848701477,-0.22583696991205215,-0.15259254723787308,-0.27466658502817154,-0.40894802659749985,-0.4455702379345894,-0.3662221133708954,-0.14038514345884323,0.12207403779029846,0.1831110566854477,-0.006103701889514923,-0.29908139258623123,-0.5676442757248878,-0.7568590342998505,-0.8545182645320892,-0.8667256683111191,-0.7812738418579102,-0.6286812946200371,-0.5127109587192535,-0.555436871945858,-0.7202368229627609,-0.7751701399683952,-0.5615405738353729,-0.23194067180156708,-0.1342814415693283,-0.40894802659749985,-0.79348124563694,0.0,0.0,0.0,0.0,0.0,0.0,0.0,0.0,0.0,0.0,0.0,0.0,0.0,0.0,0.0,0.0
-0.25635547935962677,-0.28077028691768646,-0.3479110077023506,-0.4699850454926491,-0.5432294681668282,-0.46388134360313416,-0.3234962001442909,-0.35401470959186554,-0.49439985305070877,-0.5859553813934326,-0.6042664870619774,-0.5310220643877983,-0.317392498254776,-0.05493331700563431,0.05493331700563431,-0.030518509447574615,-0.20752586424350739,-0.4028443247079849,-0.555436871945858,-0.6530961021780968,-0.6775109097361565,-0.6042664870619774,-0.476088747382164,-0.39674062281847,-0.4821924492716789,-0.6408886983990669,-0.6103701889514923,-0.37842951714992523,-0.2624591812491417,-0.5676442757248878,-1.110873743891716,-1.4038514345884323,0.0,0.0,0.0,0.0,0.0,0.0,0.0,0.0,0.0,0.0,0.0,0.0,0.0,0.0,0.0,0.0
-0.17090365290641785,-0.25025177747011185,-0.3662221133708954,-0.4699850454926491,-0.48829615116119385,-0.43336283415555954,-0.45777764171361923,-0.5920590832829475,-0.6836146116256714,-0.7080294191837311,-0.7385479286313057,-0.7507553324103355,-0.6591998040676117,-0.4699850454926491,-0.317392498254776,-0.25025177747011185,-0.27466658502817154,-0.3479110077023506,-0.4516739398241043,-0.5493331700563431,-0.5920590832829475,-0.5310220643877983,-0.38453321903944016,-0.28077028691768646,-0.33570360392332077,-0.4211554303765297,-0.3662221133708954,-0.2624591812491417,-0.4272591322660446,-0.9460737928748131,-1.348918117582798,-0.9277626872062683,0.0,0.0,0.0,0.0,0.0,0.0,0.0,0.0,0.0,0.0,0.0,0.0,0.0,0.0,0.0,0.0
-0.12817773967981339,-0.2685628831386566,-0.37842951714992523,-0.41505172848701477,-0.43336283415555954,-0.5188146606087685,-0.6775109097361565,-0.7812738418579102,-0.7568590342998505,-0.7080294191837311,-0.7446516305208206,-0.8362071588635445,-0.8606219664216042,-0.7751701399683952,-0.6286812946200371,-0.5005035549402237,-0.41505172848701477,-0.37842951714992523,-0.38453321903944016,-0.4272591322660446,-0.46388134360313416,-0.40894802659749985,-0.23194067180156708,-0.09155552834272385,-0.079348124563694,-0.09765923023223877,-0.09155552834272385,-0.2136295661330223,-0.6530961021780968,-1.2939848005771637,-1.8127994611859322,0.0,0.0,0.0,0.0,0.0,0.0,0.0,0.0,0.0,0.0,0.0,0.0,0.0,0.0,0.0,0.0,0.0
-0.12817773967981339,-0.30518509447574615,-0.39674062281847,-0.4455702379345894,-0.5432294681668282,-0.714133121073246,-0.8484145626425743,-0.8362071588635445,-0.7080294191837311,-0.634784996509552,-0.6775109097361565,-0.7690664380788803,-0.8178960531949997,-0.7812738418579102,-0.6775109097361565,-0.5493331700563431,-0.43336283415555954,-0.32959990203380585,-0.2685628831386566,-0.2868739888072014,-0.36011841148138046,-0.4272591322660446,-0.36011841148138046,-0.20142216235399246,-0.08545182645320892,-0.04272591322660446,-0.11597033590078354,-0.43336283415555954,-0.9643848985433578,-1.3611255213618279,-1.5564439818263054,0.0,0.0,0.0,0.0,0.0,0.0,0.0,0.0,0.0,0.0,0.0,0.0,0.0,0.0,0.0,0.0,0.0
-0.14648884534835815,-0.36011841148138046,-0.5066072568297386,-0.6286812946200371,-0.79348124563694,-0.9216589853167534,-0.9094515815377235,-0.7629627361893654,-0.6164738908410072,-0.5737479776144028,-0.6225775927305222,-0.6836146116256714,-0.7080294191837311,-0.6836146116256714,-0.6164738908410072,-0.5188146606087685,-0.41505172848701477,-0.3112887963652611,-0.238044373691082,-0.238044373691082,-0.3234962001442909,-0.4699850454926491,-0.6225775927305222,-0.5493331700563431,-0.3479110077023506,-0.21973326802253723,-0.30518509447574615,-0.6714072078466415,-1.0559404268860817,-1.037629321217537,-0.7202368229627609,0.0,0.0,0.0,0.0,0.0,0.0,0.0,0.0,0.0,0.0,0.0,0.0,0.0,0.0,0.0,0.0,0.0
-0.20142216235399246,-0.46388134360313416,-0.6775109097361565,-0.8423108607530594,-0.9460737928748131,-0.9338663890957832,-0.8056886494159698,-0.6530961021780968,-0.5737479776144028,-0.5737479776144028,-0.5981627851724625,-0.5981627851724625,-0.5798516795039177,-0.5371257662773132,-0.4699850454926491,-0.37842951714992523,-0.28077028691768646,-0.17090365290641785,-0.09155552834272385,-0.06714072078466415,-0.12207403779029846,-0.28077028691768646,-0.5249183624982834,-0.634784996509552,-0.555436871945858,-0.45777764171361923,-0.5371257662773132,-0.8911404758691788,-1.1658070608973503,-0.9704886004328728,-0.4455702379345894,-0.3418073058128357,-0.24414807558059692,-0.28077028691768646,0.0,0.0,0.0,0.0,0.0,0.0,0.0,0.0,0.0,0.0,0.0,0.0,0.0,0.0
-0.2624591812491417,-0.5188146606087685,-0.7385479286313057,-0.8667256683111191,-0.8850367739796638,-0.7995849475264549,-0.6591998040676117,-0.555436871945858,-0.5310220643877983,-0.5432294681668282,-0.5432294681668282,-0.5127109587192535,-0.46388134360313416,-0.4028443247079849,-0.3234962001442909,-0.238044373691082,-0.15259254723787308,-0.05493331700563431,0.024414807558059692,0.07324442267417908,0.079348124563694,0.0,-0.17090365290641785,-0.4028443247079849,-0.5676442757248878,-0.5920590832829475,-0.6653035059571266,-1.0498367249965668,-1.3061922043561935,-1.0498367249965668,-0.5798516795039177,-0.35401470959186554,-0.25025177747011185,-0.5676442757248878,0.0,0.0,0.0,0.0,0.0,0.0,0.0,0.0,0.0,0.0,0.0,0.0,0.0,0.0
-0.3418073058128357,-0.5249183624982834,-0.6897183135151863,-0.7751701399683952,-0.7629627361893654,-0.6714072078466415,-0.5676442757248878,-0.5005035549402237,-0.476088747382164,-0.4699850454926491,-0.45777764171361923,-0.4272591322660446,-0.38453321903944016,-0.33570360392332077,-0.2624591812491417,-0.19531846046447754,-0.12207403779029846,-0.04272591322660446,0.030518509447574615,0.09765923023223877,0.12817773967981339,0.11597033590078354,0.03662221133708954,-0.12817773967981339,-0.33570360392332077,-0.5737479776144028,-0.8423108607530594,-1.1474959552288055,-1.2085329741239548,-0.9704886004328728,-0.6469924002885818,-0.6042664870619774,-0.6836146116256714,-1.025421917438507,0.0,0.0,0.0,0.0,0.0,0.0,0.0,0.0,0.0,0.0,0.0,0.0,0.0,0.0
-0.40894802659749985,-0.5005035549402237,-0.5981627851724625,-0.6469924002885818,-0.6286812946200371,-0.5615405738353729,-0.4821924492716789,-0.4272591322660446,-0.39674062281847,-0.38453321903944016,-0.38453321903944016,-0.3662221133708954,-0.33570360392332077,-0.29908139258623123,-0.24414807558059692,-0.18921475857496262,-0.14038514345884323,-0.08545182645320892,-0.030518509447574615,0.024414807558059692,0.06714072078466415,0.079348124563694,0.05493331700563431,-0.012207403779029846,-0.09765923023223877,-0.3479110077023506,-0.8178960531949997,-1.0742515325546265,-1.104770042002201,-1.0010071098804474,-0.8056886494159698,-0.79348124563694,-0.8911404758691788,-0.7324442267417908,-0.7263405248522758,-0.5798516795039177,-0.5615405738353729,-0.555436871945858,0.0,0.0,0.0,0.0,0.0,0.0,0.0,0.0,0.0,0.0
-0.4272591322660446,-0.4516739398241043,-0.476088747382164,-0.476088747382164,-0.43946653604507446,-0.38453321903944016,-0.3234962001442909,-0.27466658502817154,-0.24414807558059692,-0.23194067180156708,-0.23194067180156708,-0.23194067180156708,-0.22583696991205215,-0.2136295661330223,-0.18921475857496262,-0.16479995101690292,-0.15259254723787308,-0.14038514345884323,-0.11597033590078354,-0.08545182645320892,-0.07324442267417908,-0.06103701889514923,-0.048829615116119385,-0.04272591322660446,0.0,-0.10376293212175369,-0.49439985305070877,-0.7568590342998505,-0.9643848985433578,-0.9887997061014175,-0.9216589853167534,-0.8911404758691788,-0.9460737928748131,-0.8545182645320892,-0.6469924002885818,-0.5981627851724625,-0.5859553813934326,-0.555436871945858,-0.634784996509552,0.0,0.0,0.0,0.0,0.0,0.0,0.0,0.0,0.0
