data/netcdf/teste/wind5.json
{"header": { "parameterNumberName":"eastward_wind", "parameterUnit":"m.s-1", "parameterNumber":2, "parameterCategory":2, "nx":85, "ny":55, "numberPoints":4675, "dx":0.0833333358168602, "dy":0.0833333358168602, "la1":40.0, "lo1":-12.0, "la2":35.5, "lo2":-5.0 }, "data":
[rows 0 to 20 of 55, columns 0 to 47 of 85]
0.04272591322660446,0.10986663401126862,0.158696249127388,0.18921475857496262,0.2136295661330223,0.25025177747011185,0.3112887963652611,0.38453321903944016,0.43336283415555954,0.45777764171361923,0.46388134360313416,0.46388134360313416,0.476088747382164,0.4821924492716789,0.4699850454926491,0.4211554303765297,0.3418073058128357,0.238044373691082,0.11597033590078354,-0.012207403779029846,-0.14038514345884323,-0.2624591812491417,-0.38453321903944016,-0.5188146606087685,-0.6714072078466415,-0.7446516305208206,-0.7385479286313057,-0.7263405248522758,-0.714133121073246,-0.7446516305208206,-0.7751701399683952,-0.714133121073246,-0.6103701889514923,-0.6103701889514923,-0.7507553324103355,-0.872829370200634,-0.872829370200634,-0.9277626872062683,0.0,0.0,0.0,0.0,0.0,0.0,0.0,0.0,0.0,0.0
-0.14648884534835815,-0.08545182645320892,-0.01831110566854477,0.05493331700563431,0.12207403779029846,0.19531846046447754,0.25025177747011185,0.2685628831386566,0.2624591812491417,0.2624591812491417,0.2929776906967163,0.3418073058128357,0.3906369209289551,0.4028443247079849,0.36011841148138046,0.2868739888072014,0.18921475857496262,0.07324442267417908,-0.048829615116119385,-0.17090365290641785,-0.2929776906967163,-0.39674062281847,-0.48829615116119385,-0.5981627851724625,-0.714133121073246,-0.7568590342998505,-0.7263405248522758,-0.6958220154047012,-0.7080294191837311,-0.7690664380788803,-0.79348124563694,-0.6653035059571266,-0.5066072568297386,-0.476088747382164,-0.6591998040676117,-0.8667256683111191,-0.8972441777586937,-0.8911404758691788,0.0,0.0,0.0,0.0,0.0,0.0,0.0,0.0,0.0,0.0
-0.3479110077023506,-0.27466658502817154,-0.1831110566854477,-0.08545182645320892,0.006103701889514923,0.06714072078466415,0.08545182645320892,0.079348124563694,0.08545182645320892,0.12817773967981339,0.20752586424350739,0.28077028691768646,0.3112887963652611,0.2685628831386566,0.1831110566854477,0.07324442267417908,-0.030518509447574615,-0.1342814415693283,-0.238044373691082,-0.3418073058128357,-0.4272591322660446,-0.5005035549402237,-0.5615405738353729,-0.6469924002885818,-0.7202368229627609,-0.7324442267417908,-0.6958220154047012,-0.6836146116256714,-0.7385479286313057,-0.8239997550845146,-0.79348124563694,-0.6164738908410072,-0.4516739398241043,-0.45777764171361923,-0.7080294191837311,-0.872829370200634,-0.9338663890957832,0.0,0.0,0.0,0.0,0.0,0.0,0.0,0.0,0.0,0.0,0.0
-0.5615405738353729,-0.4516739398241043,-0.32959990203380585,-0.21973326802253723,-0.14038514345884323,-0.10986663401126862,-0.10986663401126862,-0.09765923023223877,-0.030518509447574615,0.06103701889514923,0.14648884534835815,0.17700735479593277,0.12817773967981339,0.030518509447574615,-0.08545182645320892,-0.1831110566854477,-0.2685628831386566,-0.3479110077023506,-0.4211554303765297,-0.48829615116119385,-0.5432294681668282,-0.5859553813934326,-0.6225775927305222,-0.6714072078466415,-0.7019257172942162,-0.7019257172942162,-0.6775109097361565,-0.7019257172942162,-0.7873775437474251,-0.8056886494159698,-0.6775109097361565,-0.5066072568297386,-0.46388134360313416,-0.6775109097361565,-0.9765923023223877,-1.0071108117699623,-0.9826960042119026,0.0,0.0,0.0,0.0,0.0,0.0,0.0,0.0,0.0,0.0,0.0
-0.6530961021780968,-0.5249183624982834,-0.4028443247079849,-0.30518509447574615,-0.25025177747011185,-0.23194067180156708,-0.2136295661330223,-0.12817773967981339,-0.05493331700563431,0.01831110566854477,0.030518509447574615,-0.03662221133708954,-0.15259254723787308,-0.27466658502817154,-0.37842951714992523,-0.4699850454926491,-0.5371257662773132,-0.5981627851724625,-0.634784996509552,-0.6653035059571266,-0.6836146116256714,-0.6897183135151863,-0.6836146116256714,-0.6775109097361565,-0.6591998040676117,-0.6469924002885818,-0.6591998040676117,-0.6958220154047012,-0.6775109097361565,-0.5432294681668282,-0.3723258152604103,-0.317392498254776,-0.48829615116119385,-0.9216589853167534,-1.2390514835715294,-1.1474959552288055,-1.1230811476707458,0.0,0.0,0.0,0.0,0.0,0.0,0.0,0.0,0.0,0.0,0.0
-0.5798516795039177,-0.48829615116119385,-0.38453321903944016,-0.30518509447574615,-0.25635547935962677,-0.2136295661330223,-0.17090365290641785,-0.09155552834272385,-0.048829615116119385,-0.048829615116119385,-0.12817773967981339,-0.2685628831386566,-0.40894802659749985,-0.5310220643877983,-0.634784996509552,-0.7080294191837311,-0.7629627361893654,-0.7873775437474251,-0.8056886494159698,-0.8117923513054848,-0.8117923513054848,-0.8056886494159698,-0.7690664380788803,-0.7263405248522758,-0.6775109097361565,-0.634784996509552,-0.6408886983990669,-0.7385479286313057,-0.79348124563694,-0.8301034569740295,-0.8117923513054848,-0.9704886004328728,-1.4038514345884323,-2.0874660462141037,-1.8494216725230217,-1.5198217704892159,0.0,0.0,0.0,0.0,0.0,0.0,0.0,0.0,0.0,0.0,0.0,0.0
-0.29908139258623123,-0.2624591812491417,-0.21973326802253723,-0.17090365290641785,-0.12817773967981339,-0.079348124563694,-0.04272591322660446,-0.030518509447574615,-0.08545182645320892,-0.17090365290641785,-0.3112887963652611,-0.4699850454926491,-0.6164738908410072,-0.7446516305208206,-0.8423108607530594,-0.9094515815377235,-0.9399700909852982,-0.9399700909852982,-0.9399700909852982,-0.952177494764328,-0.9704886004328728,-0.9643848985433578,-0.9277626872062683,-0.872829370200634,-0.8606219664216042,-1.0010071098804474,-1.2512588873505592,-1.513718068599701,-1.7090365290641785,-1.977599412202835,-2.3255104199051857,-2.5879696011543274,-2.6673177257180214,-2.6001770049333572,-2.6551103219389915,0.0,0.0,0.0,0.0,0.0,0.0,0.0,0.0,0.0,0.0,0.0,0.0,0.0
0.14648884534835815,0.14648884534835815,0.1342814415693283,0.10986663401126862,0.08545182645320892,0.08545182645320892,0.06714072078466415,-0.03662221133708954,-0.17090365290641785,-0.3234962001442909,-0.5066072568297386,-0.6897183135151863,-0.8545182645320892,-0.9887997061014175,-1.0803552344441414,-1.1352885514497757,-1.1658070608973503,-1.19022186845541,-1.19022186845541,-1.184118166565895,-1.184118166565895,-1.196325570344925,-1.2268440797924995,-1.275673694908619,-1.3916440308094025,-1.58696249127388,-1.818903163075447,-2.056947536766529,-2.154606766998768,-2.0874660462141037,-2.2461622953414917,-2.618488110601902,-2.8382213786244392,-2.8260139748454094,-2.7527695521712303,0.0,0.0,0.0,0.0,0.0,0.0,0.0,0.0,0.0,0.0,0.0,0.0,0.0
0.35401470959186554,0.3723258152604103,0.35401470959186554,0.29908139258623123,0.21973326802253723,0.158696249127388,0.07324442267417908,-0.10376293212175369,-0.2868739888072014,-0.4699850454926491,-0.6714072078466415,-0.8789330720901489,-1.0498367249965668,-1.1658070608973503,-1.2146366760134697,-1.2024292722344398,-1.2268440797924995,-1.3245033100247383,-1.3916440308094025,-1.422162540256977,-1.434369944036007,-1.4709921553730965,-1.5320291742682457,-1.5686513856053352,-1.5564439818263054,-1.5564439818263054,-1.5381328761577606,-1.4709921553730965,-1.3672292232513428,-1.037629321217537,-0.7690664380788803,-1.1230811476707458,-1.9470809027552605,0.0,0.0,0.0,0.0,0.0,0.0,0.0,0.0,0.0,0.0,0.0,0.0,0.0,0.0,0.0
0.20752586424350739,0.2624591812491417,0.28077028691768646,0.25025177747011185,0.17700735479593277,0.10376293212175369,-0.012207403779029846,-0.20142216235399246,-0.3906369209289551,-0.5798516795039177,-0.79348124563694,-1.0010071098804474,-1.1658070608973503,-1.269569993019104,-1.2573625892400742,-1.1413922533392906,-1.0803552344441414,-1.1413922533392906,-1.2451551854610443,-1.2939848005771637,-1.2817773967981339,-1.2817773967981339,-1.3061922043561935,-1.2878810986876488,-1.184118166565895,-1.031525619328022,-0.8606219664216042,-0.6164738908410072,-0.3418073058128357,-0.14038514345884323,-0.04272591322660446,-0.25635547935962677,0.0,0.0,0.0,0.0,0.0,0.0,0.0,0.0,0.0,0.0,0.0,0.0,0.0,0.0,0.0,0.0
-0.16479995101690292,-0.08545182645320892,-0.030518509447574615,-0.01831110566854477,-0.04272591322660446,-0.079348124563694,-0.18921475857496262,-0.35401470959186554,-0.5127109587192535,-0.6897183135151863,-0.8911404758691788,-1.0925626382231712,-1.2878810986876488,-1.4404736459255219,-1.4648884534835815,-1.355021819472313,-1.2085329741239548,-1.0803552344441414,-1.0010071098804474,-0.9277626872062683,-0.8423108607530594,-0.7385479286313057,-0.6591998040676117,-0.5859553813934326,-0.5371257662773132,-0.5005035549402237,-0.3906369209289551,-0.21973326802253723,-0.04272591322660446,-0.01831110566854477,-0.23194067180156708,-0.23194067180156708,0.0,0.0,0.0,0.0,0.0,0.0,0.0,0.0,0.0,0.0,0.0,0.0,0.0,0.0,0.0,0.0
-0.41505172848701477,-0.3906369209289551,-0.3662221133708954,-0.3418073058128357,-0.3112887963652611,-0.30518509447574615,-0.38453321903944016,-0.49439985305070877,-0.6286812946200371,-0.7751701399683952,-0.9277626872062683,-1.116977445781231,-1.3611255213618279,-1.6357921063899994,-1.8127994611859322,-1.8616290763020515,-1.8005920574069023,-1.6357921063899994,-1.4099551364779472,-1.184118166565895,-0.9887997061014175,-0.8117923513054848,-0.6530961021780968,-0.5066072568297386,-0.38453321903944016,-0.28077028691768646,-0.14038514345884323,0.012207403779029846,0.079348124563694,-0.06103701889514923,-0.41505172848701477,-0.3662221133708954,0.0,0.0,0.0,0.0,0.0,0.0,0.0,0.0,0.0,0.0,0.0,0.0,0.0,0.0,0.0,0.0
-0.41505172848701477,-0.4272591322660446,-0.4699850454926491,-0.476088747382164,-0.4455702379345894,-0.4455702379345894,-0.5127109587192535,-0.6164738908410072,-0.7263405248522758,-0.8178960531949997,-0.8972441777586937,-1.0010071098804474,-1.196325570344925,-1.4770958572626114,-1.751762442290783,-1.9470809027552605,-2.050843834877014,-2.050843834877014,-1.9226660951972008,-1.7090365290641785,-1.4770958572626114,-1.275673694908619,-1.110873743891716,-0.9643848985433578,-0.7751701399683952,-0.5371257662773132,-0.25635547935962677,-0.04272591322660446,-0.012207403779029846,-0.20142216235399246,-0.38453321903944016,-0.3723258152604103,0.0,0.0,0.0,0.0,0.0,0.0,0.0,0.0,0.0,0.0,0.0,0.0,0.0,0.0,0.0,0.0
-0.36011841148138046,-0.3723258152604103,-0.43336283415555954,-0.48829615116119385,-0.5249183624982834,-0.5859553813934326,-0.6836146116256714,-0.7751701399683952,-0.8423108607530594,-0.8606219664216042,-0.8545182645320892,-0.8484145626425743,-0.8911404758691788,-0.9949034079909325,-1.1352885514497757,-1.263466291129589,-1.3733329251408577,-1.4465773478150368,-1.4526810497045517,-1.3794366270303726,-1.2512588873505592,-1.1291848495602608,-1.0803552344441414,-1.037629321217537,-0.9033478796482086,-0.7263405248522758,-0.5737479776144028,-0.5615405738353729,-0.7690664380788803,-0.9887997061014175,-0.7873775437474251,0.0,0.0,0.0,0.0,0.0,0.0,0.0,0.0,0.0,0.0,0.0,0.0,0.0,0.0,0.0,0.0,0.0
-0.4699850454926491,-0.476088747382164,-0.5371257662773132,-0.6286812946200371,-0.7385479286313057,-0.8484145626425743,-0.9338663890957832,-0.9765923023223877,-0.9765923023223877,-0.952177494764328,-0.9094515815377235,-0.8484145626425743,-0.7751701399683952,-0.6958220154047012,-0.634784996509552,-0.5920590832829475,-0.555436871945858,-0.5188146606087685,-0.48829615116119385,-0.45777764171361923,-0.4211554303765297,-0.43336283415555954,-0.6042664870619774,-0.8301034569740295,-0.8850367739796638,-0.8423108607530594,-0.8606219664216042,-1.0498367249965668,-1.422162540256977,-1.6174810007214546,-1.3245033100247383,0.0,0.0,0.0,0.0,0.0,0.0,0.0,0.0,0.0,0.0,0.0,0.0,0.0,0.0,0.0,0.0,0.0
-0.7324442267417908,-0.7568590342998505,-0.8362071588635445,-0.952177494764328,-1.0559404268860817,-1.1291848495602608,-1.1474959552288055,-1.1230811476707458,-1.0986663401126862,-1.0803552344441414,-1.0681478306651115,-1.031525619328022,-0.952177494764328,-0.8423108607530594,-0.7263405248522758,-0.6164738908410072,-0.5188146606087685,-0.4211554303765297,-0.32959990203380585,-0.238044373691082,-0.12207403779029846,-0.006103701889514923,0.006103701889514923,-0.1831110566854477,-0.4455702379345894,-0.5432294681668282,-0.5981627851724625,-0.6897183135151863,-0.8972441777586937,-1.031525619328022,-0.8056886494159698,0.0,0.0,0.0,0.0,0.0,0.0,0.0,0.0,0.0,0.0,0.0,0.0,0.0,0.0,0.0,0.0,0.0
-1.0132145136594772,-1.037629321217537,-1.110873743891716,-1.19022186845541,-1.2329477816820145,-1.2329477816820145,-1.19022186845541,-1.1413922533392906,-1.1230811476707458,-1.1230811476707458,-1.1230811476707458,-1.0986663401126862,-1.0437330231070518,-0.9582811966538429,-0.8545182645320892,-0.7568590342998505,-0.6591998040676117,-0.5737479776144028,-0.48829615116119385,-0.39674062281847,-0.28077028691768646,-0.11597033590078354,0.10986663401126862,0.25635547935962677,0.238044373691082,0.06103701889514923,-0.10376293212175369,-0.079348124563694,-0.006103701889514923,-0.048829615116119385,-0.15259254723787308,-0.36011841148138046,-0.5127109587192535,-0.4455702379345894,0.0,0.0,0.0,0.0,0.0,0.0,0.0,0.0,0.0,0.0,0.0,0.0,0.0,0.0
-1.2085329741239548,-1.2024292722344398,-1.184118166565895,-1.1658070608973503,-1.1230811476707458,-1.0437330231070518,-0.9643848985433578,-0.9094515815377235,-0.8850367739796638,-0.8789330720901489,-0.8606219664216042,-0.8301034569740295,-0.7812738418579102,-0.7263405248522758,-0.6653035059571266,-0.5981627851724625,-0.5371257662773132,-0.4821924492716789,-0.43336283415555954,-0.3906369209289551,-0.32959990203380585,-0.23194067180156708,-0.06103701889514923,0.12817773967981339,0.28077028691768646,0.30518509447574615,0.12207403779029846,0.06714072078466415,0.22583696991205215,0.3112887963652611,0.3234962001442909,0.20142216235399246,-0.12817773967981339,-0.17090365290641785,0.0,0.0,0.0,0.0,0.0,0.0,0.0,0.0,0.0,0.0,0.0,0.0,0.0,0.0
-1.2024292722344398,-1.196325570344925,-1.104770042002201,-0.9887997061014175,-0.8667256683111191,-0.7507553324103355,-0.6591998040676117,-0.5798516795039177,-0.5066072568297386,-0.43336283415555954,-0.36011841148138046,-0.2929776906967163,-0.238044373691082,-0.19531846046447754,-0.16479995101690292,-0.14038514345884323,-0.12817773967981339,-0.12817773967981339,-0.1342814415693283,-0.15259254723787308,-0.17090365290641785,-0.1831110566854477,-0.14648884534835815,-0.030518509447574615,0.12207403779029846,0.23194067180156708,0.20142216235399246,0.10986663401126862,0.238044373691082,0.4272591322660446,0.49439985305070877,0.36011841148138046,0.07324442267417908,0.07324442267417908,0.0,0.0,0.0,0.0,0.0,0.0,0.0,0.0,0.0,0.0,0.0,0.0,0.0,0.0
-1.0803552344441414,-1.0864589363336563,-1.0193182155489922,-0.8911404758691788,-0.7446516305208206,-0.6164738908410072,-0.5066072568297386,-0.40894802659749985,-0.317392498254776,-0.20752586424350739,-0.09765923023223877,0.006103701889514923,0.09765923023223877,0.17090365290641785,0.22583696991205215,0.25635547935962677,0.2685628831386566,0.25025177747011185,0.2136295661330223,0.158696249127388,0.09155552834272385,0.012207403779029846,-0.079348124563694,-0.10376293212175369,-0.04272591322660446,0.07324442267417908,0.25635547935962677,0.35401470959186554,0.4455702379345894,0.6469924002885818,0.6775109097361565,0.5859553813934326,0.3662221133708954,0.25025177747011185,0.16479995101690292,0.07324442267417908,0.1831110566854477,0.16479995101690292,0.0,0.0,0.0,0.0,0.0,0.0,0.0,0.0,0.0,0.0
-1.0437330231070518,-1.031525619328022,-0.9765923023223877,-0.872829370200634,-0.7446516305208206,-0.6103701889514923,-0.48829615116119385,-0.38453321903944016,-0.28077028691768646,-0.1831110566854477,-0.07324442267417908,0.030518509447574615,0.12817773967981339,0.21973326802253723,0.2929776906967163,0.35401470959186554,0.38453321903944016,0.3906369209289551,0.36011841148138046,0.3112887963652611,0.24414807558059692,0.158696249127388,0.03662221133708954,-0.06714072078466415,-0.12207403779029846,-0.1342814415693283,0.03662221133708954,0.3723258152604103,0.634784996509552,0.7995849475264549,0.8239997550845146,0.7873775437474251,0.6469924002885818,0.476088747382164,0.158696249127388,-0.12207403779029846,-0.09155552834272385,-0.06714072078466415,-0.079348124563694,0.0,0.0,0.0,0.0,0.0,0.0,0.0,0.0,0.0
