data/netcdf/teste/wind5.json
{"header": { "parameterNumberName":"eastward_wind", "parameterUnit":"m.s-1", "parameterNumber":2, "parameterCategory":2, "nx":85, "ny":55, "numberPoints":4675, "dx":0.0833333358168602, "dy":0.0833333358168602, "la1":40.0, "lo1":-12.0, "la2":35.5, "lo2":-5.0 }, "data":
[rows 21 to 41 of 55, columns 0 to 47 of 85]
-1.2451551854610443,-1.2024292722344398,-1.110873743891716,-0.9704886004328728,-0.8239997550845146,-0.6897183135151863,-0.5859553813934326,-0.5127109587192535,-0.4455702379345894,-0.38453321903944016,-0.30518509447574615,-0.21973326802253723,-0.12817773967981339,-0.030518509447574615,0.06714072078466415,0.15259254723787308,0.22583696991205215,0.27466658502817154,0.2929776906967163,0.2868739888072014,0.25025177747011185,0.19531846046447754,0.12207403779029846,0.04272591322660446,-0.030518509447574615,-0.11597033590078354,-0.11597033590078354,0.09155552834272385,0.3723258152604103,0.5859553813934326,0.7080294191837311,0.6958220154047012,0.5432294681668282,0.29908139258623123,-0.06103701889514923,-0.33570360392332077,-0.3906369209289551,-0.3662221133708954,-0.32959990203380585,0.0,0.0,0.0,0.0,0.0,0.0,0.0,0.0,0.0
-1.4648884534835815,-1.3672292232513428,-1.19022186845541,-0.9643848985433578,-0.7568590342998505,-0.6164738908410072,-0.5615405738353729,-0.5615405738353729,-0.5920590832829475,-0.6164738908410072,-0.6103701889514923,-0.5615405738353729,-0.48829615116119385,-0.39674062281847,-0.29908139258623123,-0.20142216235399246,-0.10376293212175369,-0.012207403779029846,0.07324442267417908,0.1342814415693283,0.17090365290641785,0.19531846046447754,0.19531846046447754,0.18921475857496262,0.18921475857496262,0.17090365290641785,0.12817773967981339,0.10986663401126862,0.14038514345884323,0.22583696991205215,0.32959990203380585,0.35401470959186554,0.20752586424350739,-0.048829615116119385,-0.3234962001442909,-0.476088747382164,-0.5005035549402237,-0.48829615116119385,-0.46388134360313416,0.0,0.0,0.0,0.0,0.0,0.0,0.0,0.0,0.0
-1.5320291742682457,-1.3855403289198875,-1.1352885514497757,-0.8484145626425743,-0.6164738908410072,-0.4699850454926491,-0.4211554303765297,-0.43946653604507446,-0.5066072568297386,-0.5676442757248878,-0.5981627851724625,-0.5737479776144028,-0.5005035549402237,-0.4028443247079849,-0.2929776906967163,-0.18921475857496262,-0.09155552834272385,0.006103701889514923,0.09765923023223877,0.18921475857496262,0.27466658502817154,0.3479110077023506,0.4028443247079849,0.4455702379345894,0.4699850454926491,0.4821924492716789,0.4699850454926491,0.4272591322660446,0.3234962001442909,0.17700735479593277,0.05493331700563431,-0.048829615116119385,-0.23194067180156708,-0.4455702379345894,-0.5737479776144028,-0.5676442757248878,-0.5127109587192535,-0.476088747382164,-0.476088747382164,0.0,0.0,0.0,0.0,0.0,0.0,0.0,0.0,0.0
-1.428266242146492,-1.269569993019104,-1.025421917438507,-0.7812738418579102,-0.6164738908410072,-0.5371257662773132,-0.5066072568297386,-0.5066072568297386,-0.5066072568297386,-0.48829615116119385,-0.4455702379345894,-0.35401470959186554,-0.21973326802253723,-0.079348124563694,0.048829615116119385,0.158696249127388,0.25635547935962677,0.3418073058128357,0.43336283415555954,0.5310220643877983,0.6286812946200371,0.714133121073246,0.7751701399683952,0.7995849475264549,0.7812738418579102,0.7446516305208206,0.6836146116256714,0.6042664870619774,0.476088747382164,0.2136295661330223,-0.09155552834272385,-0.37842951714992523,-0.6103701889514923,-0.7446516305208206,-0.7202368229627609,-0.6042664870619774,-0.5188146606087685,-0.4516739398241043,-0.4516739398241043,0.0,0.0,0.0,0.0,0.0,0.0,0.0,0.0,0.0
-1.116977445781231,-1.0498367249965668,-0.9216589853167534,-0.8362071588635445,-0.8239997550845146,-0.8423108607530594,-0.8667256683111191,-0.8484145626425743,-0.7873775437474251,-0.6836146116256714,-0.5493331700563431,-0.4028443247079849,-0.25635547935962677,-0.1342814415693283,-0.048829615116119385,0.0,0.048829615116119385,0.12817773967981339,0.25635547935962677,0.4272591322660446,0.6042664870619774,0.7568590342998505,0.8667256683111191,0.9033478796482086,0.872829370200634,0.8056886494159698,0.6958220154047012,0.5676442757248878,0.38453321903944016,0.06714072078466415,-0.3234962001442909,-0.6653035059571266,-0.8667256683111191,-0.8972441777586937,-0.7751701399683952,-0.6286812946200371,-0.5249183624982834,-0.4455702379345894,-0.4455702379345894,0.0,0.0,0.0,0.0,0.0,0.0,0.0,0.0,0.0
-0.8606219664216042,-0.9216589853167534,-0.9704886004328728,-1.0803552344441414,-1.2085329741239548,-1.2878810986876488,-1.3061922043561935,-1.2573625892400742,-1.1474959552288055,-1.0071108117699623,-0.872829370200634,-0.7507553324103355,-0.6714072078466415,-0.6286812946200371,-0.634784996509552,-0.6653035059571266,-0.6469924002885818,-0.5371257662773132,-0.32959990203380585,-0.06714072078466415,0.18921475857496262,0.39674062281847,0.5493331700563431,0.6286812946200371,0.634784996509552,0.5798516795039177,0.46388134360313416,0.27466658502817154,0.030518509447574615,-0.3234962001442909,-0.7019257172942162,-0.9582811966538429,-1.031525619328022,-0.9460737928748131,-0.7873775437474251,-0.6530961021780968,-0.5371257662773132,-0.4516739398241043,-0.45777764171361923,0.0,0.0,0.0,0.0,0.0,0.0,0.0,0.0,0.0
-0.7812738418579102,-0.9216589853167534,-1.0864589363336563,-1.3000885024666786,-1.4954069629311562,-1.5625476837158203,-1.5442365780472755,-1.4648884534835815,-1.3183996081352234,-1.1535996571183205,-1.0193182155489922,-0.9155552834272385,-0.8545182645320892,-0.8239997550845146,-0.8117923513054848,-0.7995849475264549,-0.7263405248522758,-0.5493331700563431,-0.2868739888072014,-0.030518509447574615,0.16479995101690292,0.29908139258623123,0.38453321903944016,0.4028443247079849,0.36011841148138046,0.25025177747011185,0.05493331700563431,-0.2136295661330223,-0.5249183624982834,-0.8545182645320892,-1.0864589363336563,-1.1535996571183205,-1.0803552344441414,-0.9094515815377235,-0.7507553324103355,-0.6469924002885818,-0.5432294681668282,-0.46388134360313416,-0.45777764171361923,0.0,0.0,0.0,0.0,0.0,0.0,0.0,0.0,0.0
-0.7385479286313057,-0.9338663890957832,-1.1352885514497757,-1.3672292232513428,-1.5442365780472755,-1.5686513856053352,-1.501510664820671,-1.3916440308094025,-1.2451551854610443,-1.0986663401126862,-0.9643848985433578,-0.8606219664216042,-0.7812738418579102,-0.7324442267417908,-0.6775109097361565,-0.6042664870619774,-0.5127109587192535,-0.37842951714992523,-0.22583696991205215,-0.10986663401126862,-0.05493331700563431,-0.012207403779029846,0.006103701889514923,-0.024414807558059692,-0.12817773967981339,-0.3112887963652611,-0.5676442757248878,-0.8667256683111191,-1.1474959552288055,-1.348918117582798,-1.3916440308094025,-1.2817773967981339,-1.0803552344441414,-0.8484145626425743,-0.6714072078466415,-0.5615405738353729,-0.45777764171361923,-0.4028443247079849,-0.41505172848701477,0.0,0.0,0.0,0.0,0.0,0.0,0.0,0.0,0.0
-0.6653035059571266,-0.8789330720901489,-1.0620441287755966,-1.2512588873505592,-1.3794366270303726,-1.3672292232513428,-1.2817773967981339,-1.196325570344925,-1.110873743891716,-1.0193182155489922,-0.9155552834272385,-0.8117923513054848,-0.7385479286313057,-0.7202368229627609,-0.714133121073246,-0.6958220154047012,-0.6958220154047012,-0.6958220154047012,-0.7019257172942162,-0.7690664380788803,-0.8423108607530594,-0.8789330720901489,-0.9338663890957832,-1.0132145136594772,-1.1413922533392906,-1.3245033100247383,-1.5442365780472755,-1.739555038511753,-1.8433179706335068,-1.818903163075447,-1.666310615837574,-1.3977477326989174,-1.0864589363336563,-0.79348124563694,-0.5737479776144028,-0.43946653604507446,-0.3723258152604103,-0.3662221133708954,-0.39674062281847,0.0,0.0,0.0,0.0,0.0,0.0,0.0,0.0,0.0
-0.5676442757248878,-0.7812738418579102,-0.9399700909852982,-1.0803552344441414,-1.1780144646763802,-1.1658070608973503,-1.104770042002201,-1.0681478306651115,-1.0559404268860817,-1.037629321217537,-0.9887997061014175,-0.8911404758691788,-0.8239997550845146,-0.8484145626425743,-0.9338663890957832,-1.031525619328022,-1.184118166565895,-1.3245033100247383,-1.4831995591521263,-1.7029328271746635,-1.8799401819705963,-2.0142216235399246,-2.148503065109253,-2.2705771028995514,-2.39265114068985,-2.4964140728116035,-2.551347389817238,-2.526932582259178,-2.4109622463583946,-2.1790215745568275,-1.8372142687439919,-1.428266242146492,-1.025421917438507,-0.6836146116256714,-0.4516739398241043,-0.36011841148138046,-0.39674062281847,-0.4455702379345894,-0.45777764171361923,0.0,0.0,0.0,0.0,0.0,0.0,0.0,0.0,0.0
-0.48829615116119385,-0.6897183135151863,-0.8178960531949997,-0.9155552834272385,-0.9826960042119026,-0.9765923023223877,-0.952177494764328,-0.9643848985433578,-1.0010071098804474,-1.0437330231070518,-1.0498367249965668,-1.0010071098804474,-0.952177494764328,-0.9826960042119026,-1.110873743891716,-1.3061922043561935,-1.5747550874948502,-1.831110566854477,-2.1057771518826485,-2.4231696501374245,-2.6551103219389915,-2.8382213786244392,-2.9969176277518272,-3.094576857984066,-3.1434064731001854,-3.1311990693211555,-3.021332435309887,-2.8260139748454094,-2.533036284148693,-2.142399363219738,-1.6846217215061188,-1.2268440797924995,-0.8178960531949997,-0.5127109587192535,-0.36011841148138046,-0.3723258152604103,-0.48829615116119385,-0.555436871945858,-0.555436871945858,0.0,0.0,0.0,0.0,0.0,0.0,0.0,0.0,0.0
-0.46388134360313416,-0.6225775927305222,-0.7080294191837311,-0.7568590342998505,-0.7873775437474251,-0.7873775437474251,-0.7873775437474251,-0.8239997550845146,-0.8789330720901489,-0.9643848985433578,-1.0437330231070518,-1.0681478306651115,-1.0437330231070518,-1.0620441287755966,-1.1780144646763802,-1.4038514345884323,-1.7151402309536934,-1.989806815981865,-2.2644734010100365,-2.6001770049333572,-2.868739888072014,-3.0518509447574615,-3.180028684437275,-3.2105471938848495,-3.16171757876873,-3.033539839088917,-2.8015991672873497,-2.4842066690325737,-2.0874660462141037,-1.6479995101690292,-1.2024292722344398,-0.8117923513054848,-0.5005035549402237,-0.33570360392332077,-0.3418073058128357,-0.45777764171361923,-0.5737479776144028,-0.634784996509552,-0.6469924002885818,0.0,0.0,0.0,0.0,0.0,0.0,0.0,0.0,0.0
-0.5005035549402237,-0.5920590832829475,-0.6286812946200371,-0.6408886983990669,-0.6530961021780968,-0.6591998040676117,-0.6836146116256714,-0.7202368229627609,-0.7629627361893654,-0.8484145626425743,-0.9765923023223877,-1.0742515325546265,-1.0803552344441414,-1.0681478306651115,-1.1230811476707458,-1.2878810986876488,-1.5503402799367905,-1.7212439328432083,-1.7944883555173874,-1.9531846046447754,-2.1729178726673126,-2.3255104199051857,-2.4109622463583946,-2.3987548425793648,-2.288888208568096,-2.0874660462141037,-1.8066957592964172,-1.4648884534835815,-1.0986663401126862,-0.7507553324103355,-0.45777764171361923,-0.238044373691082,-0.1342814415693283,-0.22583696991205215,-0.4455702379345894,-0.6591998040676117,-0.7629627361893654,-0.7446516305208206,-0.7019257172942162,0.0,0.0,0.0,0.0,0.0,0.0,0.0,0.0,0.0
-0.5737479776144028,-0.6042664870619774,-0.5920590832829475,-0.555436871945858,-0.555436871945858,-0.5798516795039177,-0.6286812946200371,-0.6653035059571266,-0.6836146116256714,-0.7324442267417908,-0.872829370200634,-1.025421917438507,-1.0681478306651115,-1.0559404268860817,-1.0620441287755966,-1.1230811476707458,-1.263466291129589,-1.3367107138037682,-1.2085329741239548,-1.0559404268860817,-0.9949034079909325,-0.9643848985433578,-0.8972441777586937,-0.79348124563694,-0.6408886983990669,-0.4516739398241043,-0.24414807558059692,-0.04272591322660446,0.14038514345884323,0.28077028691768646,0.3479110077023506,0.3234962001442909,0.158696249127388,-0.17090365290641785,-0.5127109587192535,-0.6958220154047012,-0.7385479286313057,-0.6408886983990669,0.0,0.0,0.0,0.0,0.0,0.0,0.0,0.0,0.0,0.0
-0.6958220154047012,-0.6469924002885818,-0.5615405738353729,-0.48829615116119385,-0.4699850454926491,-0.5127109587192535,-0.5737479776144028,-0.6164738908410072,-0.6103701889514923,-0.6286812946200371,-0.7507553324103355,-0.9277626872062683,-1.0193182155489922,-1.025421917438507,-1.031525619328022,-1.025421917438507,-1.0620441287755966,-1.0803552344441414,-0.9826960042119026,-0.8423108607530594,-0.7080294191837311,-0.5676442757248878,-0.39674062281847,-0.20142216235399246,0.0,0.19531846046447754,0.3662221133708954,0.48829615116119385,0.5737479776144028,0.6103701889514923,0.5737479776144028,0.4272591322660446,0.18921475857496262,-0.16479995101690292,-0.4028443247079849,-0.4272591322660446,-0.3234962001442909,0.0,0.0,-0.16479995101690292,-0.39674062281847,-0.555436871945858,-0.6775109097361565,-0.7629627361893654,-0.7202368229627609,-0.6042664870619774,-0.5737479776144028,-0.6225775927305222
-0.7751701399683952,-0.6286812946200371,-0.476088747382164,-0.38453321903944016,-0.3662221133708954,-0.39674062281847,-0.4455702379345894,-0.4821924492716789,-0.48829615116119385,-0.5005035549402237,-0.6042664870619774,-0.7873775437474251,-0.9216589853167534,-0.9765923023223877,-1.0071108117699623,-0.9887997061014175,-1.0010071098804474,-1.0559404268860817,-1.116977445781231,-1.1719107627868652,-1.184118166565895,-1.104770042002201,-0.952177494764328,-0.7751701399683952,-0.5676442757248878,-0.3662221133708954,-0.17700735479593277,-0.03662221133708954,0.06714072078466415,0.14038514345884323,0.14648884534835815,0.079348124563694,0.0,-0.17700735479593277,-0.21973326802253723,-0.1831110566854477,-0.12207403779029846,0.03662221133708954,0.2136295661330223,0.25025177747011185,0.19531846046447754,0.09155552834272385,-0.03662221133708954,-0.2136295661330223,-0.4028443247079849,-0.5432294681668282,-0.6164738908410072,-0.6408886983990669
-0.6714072078466415,-0.5005035549402237,-0.36011841148138046,-0.2685628831386566,-0.23194067180156708,-0.2136295661330223,-0.2136295661330223,-0.25025177747011185,-0.30518509447574615,-0.3662221133708954,-0.4821924492716789,-0.6714072078466415,-0.8423108607530594,-0.9460737928748131,-0.9949034079909325,-1.037629321217537,-1.1535996571183205,-1.3306070119142532,-1.5747550874948502,-1.7944883555173874,-1.8799401819705963,-1.8372142687439919,-1.7151402309536934,-1.5564439818263054,-1.355021819472313,-1.1291848495602608,-0.8972441777586937,-0.6958220154047012,-0.5493331700563431,-0.4455702379345894,-0.37842951714992523,-0.3112887963652611,-0.2136295661330223,-0.19531846046447754,-0.079348124563694,-0.048829615116119385,-0.048829615116119385,0.024414807558059692,0.17700735479593277,0.35401470959186554,0.49439985305070877,0.5127109587192535,0.4516739398241043,0.3234962001442909,0.14038514345884323,-0.06714072078466415,-0.2136295661330223,-0.2685628831386566
-0.5859553813934326,-0.4211554303765297,-0.2624591812491417,-0.1342814415693283,-0.03662221133708954,0.030518509447574615,0.04272591322660446,-0.04272591322660446,-0.1831110566854477,-0.32959990203380585,-0.48829615116119385,-0.6775109097361565,-0.8545182645320892,-0.9704886004328728,-1.0620441287755966,-1.196325570344925,-1.4099551364779472,-1.6785180196166039,-1.9531846046447754,-2.136295661330223,-2.1607104688882828,-2.0996734499931335,-2.0203253254294395,-1.9287697970867157,-1.8005920574069023,-1.6113772988319397,-1.3611255213618279,-1.0864589363336563,-0.8178960531949997,-0.6103701889514923,-0.4821924492716789,-0.3662221133708954,-0.22583696991205215,-0.09765923023223877,0.030518509447574615,0.10986663401126862,0.09155552834272385,0.03662221133708954,0.048829615116119385,0.14038514345884323,0.28077028691768646,0.4028443247079849,0.476088747382164,0.4699850454926491,0.45777764171361923,0.4028443247079849,0.33570360392332077,0.32959990203380585
-0.5310220643877983,-0.3112887963652611,-0.09765923023223877,0.079348124563694,0.18921475857496262,0.23194067180156708,0.16479995101690292,-0.012207403779029846,-0.238044373691082,-0.43946653604507446,-0.6225775927305222,-0.7873775437474251,-0.9582811966538429,-1.0681478306651115,-1.1780144646763802,-1.342814415693283,-1.5747550874948502,-1.7944883555173874,-1.9409772008657455,-1.98370311409235,-1.9226660951972008,-1.8433179706335068,-1.8127994611859322,-1.8005920574069023,-1.7944883555173874,-1.7639698460698128,-1.6479995101690292,-1.428266242146492,-1.110873743891716,-0.7324442267417908,-0.3723258152604103,-0.079348124563694,0.14038514345884323,0.2868739888072014,0.36011841148138046,0.40894802659749985,0.36011841148138046,0.23194067180156708,0.10376293212175369,0.024414807558059692,-0.01831110566854477,0.0,0.08545182645320892,0.1831110566854477,0.317392498254776,0.46388134360313416,0.5676442757248878,0.5981627851724625
-0.33570360392332077,-0.09155552834272385,0.09765923023223877,0.1831110566854477,0.17700735479593277,0.10376293212175369,-0.048829615116119385,-0.2624591812491417,-0.49439985305070877,-0.6836146116256714,-0.8423108607530594,-0.9826960042119026,-1.116977445781231,-1.196325570344925,-1.2817773967981339,-1.4099551364779472,-1.5564439818263054,-1.6541032120585442,-1.6846217215061188,-1.666310615837574,-1.6174810007214546,-1.580858789384365,-1.5625476837158203,-1.5259254723787308,-1.5198217704892159,-1.5503402799367905,-1.58696249127388,-1.5686513856053352,-1.422162540256977,-1.1230811476707458,-0.6897183135151863,-0.20752586424350739,0.23194067180156708,0.5737479776144028,0.7507553324103355,0.7995849475264549,0.714133121073246,0.5127109587192535,0.28077028691768646,0.07324442267417908,-0.10376293212175369,-0.24414807558059692,-0.2868739888072014,-0.24414807558059692,-0.15259254723787308,-0.012207403779029846,0.1342814415693283,0.23194067180156708
-0.15259254723787308,-0.05493331700563431,-0.06103701889514923,-0.17090365290641785,-0.32959990203380585,-0.4699850454926491,-0.6042664870619774,-0.7263405248522758,-0.8423108607530594,-0.9582811966538429,-1.0620441287755966,-1.1597033590078354,-1.2390514835715294,-1.263466291129589,-1.2878810986876488,-1.3122959062457085,-1.3245033100247383,-1.3000885024666786,-1.2817773967981339,-1.3061922043561935,-1.348918117582798,-1.4160588383674622,-1.4709921553730965,-1.4404736459255219,-1.3672292232513428,-1.3000885024666786,-1.269569993019104,-1.3183996081352234,-1.3916440308094025,-1.3794366270303726,-1.196325570344925,-0.8423108607530594,-0.38453321903944016,0.09765923023223877,0.5005035549402237,0.7751701399683952,0.8667256683111191,0.7507553324103355,0.49439985305070877,0.20752586424350739,-0.06714072078466415,-0.317392498254776,-0.4821924492716789,-0.5432294681668282,-0.5310220643877983,-0.48829615116119385,-0.43946653604507446,-0.4211554303765297
