data/netcdf/teste/wind5.json
{"header": { "parameterNumberName":"northward_wind", "parameterUnit":"m.s-1", "parameterNumber":3, "parameterCategory":2, "nx":85, "ny":55, "numberPoints":4675, "dx":0.0833333358168602, "dy":0.0833333358168602, "la1":40.0, "lo1":-12.0, "la2":35.5, "lo2":-5.0 }, "data":
[rows 21 to 41 of 55, columns 0 to 47 of 85]
-0.4211554303765297,-0.40894802659749985,-0.3662221133708954,-0.30518509447574615,-0.25635547935962677,-0.20752586424350739,-0.17700735479593277,-0.14648884534835815,-0.12817773967981339,-0.11597033590078354,-0.11597033590078354,-0.10986663401126862,-0.10986663401126862,-0.10376293212175369,-0.09155552834272385,-0.08545182645320892,-0.10376293212175369,-0.1342814415693283,-0.15259254723787308,-0.16479995101690292,-0.18921475857496262,-0.2136295661330223,-0.19531846046447754,-0.14648884534835815,-0.05493331700563431,-0.006103701889514923,-0.19531846046447754,-0.45777764171361923,-0.6836146116256714,-0.8667256683111191,-0.9949034079909325,-1.0498367249965668,-1.1291848495602608,-1.1719107627868652,-1.0803552344441414,-0.9033478796482086,-0.7385479286313057,-0.6164738908410072,-0.7324442267417908,0.0,0.0,0.0,0.0,0.0,0.0,0.0,0.0,0.0
-0.3906369209289551,-0.28077028691768646,-0.14038514345884323,-0.04272591322660446,-0.024414807558059692,-0.05493331700563431,-0.09155552834272385,-0.10986663401126862,-0.10986663401126862,-0.09155552834272385,-0.06714072078466415,-0.04272591322660446,-0.024414807558059692,-0.006103701889514923,0.0,-0.006103701889514923,-0.030518509447574615,-0.079348124563694,-0.12817773967981339,-0.17700735479593277,-0.23194067180156708,-0.2685628831386566,-0.2624591812491417,-0.20142216235399246,-0.10986663401126862,-0.03662221133708954,-0.08545182645320892,-0.3112887963652611,-0.555436871945858,-0.7690664380788803,-1.0010071098804474,-1.2024292722344398,-1.3733329251408577,-1.4893032610416412,-1.4465773478150368,-1.1535996571183205,-0.7995849475264549,-0.5859553813934326,-0.7080294191837311,0.0,0.0,0.0,0.0,0.0,0.0,0.0,0.0,0.0
-0.3234962001442909,-0.07324442267417908,0.17700735479593277,0.27466658502817154,0.20142216235399246,0.06714072078466415,-0.06103701889514923,-0.1342814415693283,-0.14648884534835815,-0.09765923023223877,-0.024414807558059692,0.048829615116119385,0.09765923023223877,0.12817773967981339,0.1342814415693283,0.12207403779029846,0.08545182645320892,0.03662221133708954,-0.030518509447574615,-0.10986663401126862,-0.19531846046447754,-0.25025177747011185,-0.24414807558059692,-0.17700735479593277,-0.09765923023223877,-0.06714072078466415,-0.12817773967981339,-0.29908139258623123,-0.5737479776144028,-0.8056886494159698,-1.0559404268860817,-1.355021819472313,-1.5991698950529099,-1.7334513366222382,-1.672414317727089,-1.2573625892400742,-0.7690664380788803,-0.5127109587192535,-0.6042664870619774,0.0,0.0,0.0,0.0,0.0,0.0,0.0,0.0,0.0
-0.2685628831386566,0.15259254723787308,0.5127109587192535,0.5676442757248878,0.38453321903944016,0.12207403779029846,-0.09765923023223877,-0.20752586424350739,-0.20142216235399246,-0.09765923023223877,0.06103701889514923,0.2136295661330223,0.317392498254776,0.3662221133708954,0.3723258152604103,0.3479110077023506,0.29908139258623123,0.25025177747011185,0.17700735479593277,0.09155552834272385,-0.006103701889514923,-0.09155552834272385,-0.12207403779029846,-0.09765923023223877,-0.06714072078466415,-0.10376293212175369,-0.21973326802253723,-0.4272591322660446,-0.7324442267417908,-1.0498367249965668,-1.348918117582798,-1.6418958082795143,-1.8555253744125366,-1.9531846046447754,-1.7822809517383575,-1.2085329741239548,-0.6714072078466415,-0.48829615116119385,-0.634784996509552,0.0,0.0,0.0,0.0,0.0,0.0,0.0,0.0,0.0
-0.19531846046447754,0.38453321903944016,0.79348124563694,0.7507553324103355,0.4699850454926491,0.1342814415693283,-0.11597033590078354,-0.22583696991205215,-0.1831110566854477,-0.024414807558059692,0.1831110566854477,0.3723258152604103,0.48829615116119385,0.5188146606087685,0.4699850454926491,0.39674062281847,0.33570360392332077,0.30518509447574615,0.28077028691768646,0.23194067180156708,0.14648884534835815,0.04272591322660446,-0.04272591322660446,-0.09765923023223877,-0.14038514345884323,-0.23194067180156708,-0.38453321903944016,-0.6469924002885818,-1.0437330231070518,-1.4831995591521263,-1.7822809517383575,-1.977599412202835,-2.1057771518826485,-2.0874660462141037,-1.7090365290641785,-0.9949034079909325,-0.5432294681668282,-0.5005035549402237,-0.6408886983990669,0.0,0.0,0.0,0.0,0.0,0.0,0.0,0.0,0.0
-0.12817773967981339,0.5127109587192535,0.8301034569740295,0.6836146116256714,0.36011841148138046,0.03662221133708954,-0.17700735479593277,-0.20142216235399246,-0.07324442267417908,0.12817773967981339,0.33570360392332077,0.48829615116119385,0.5493331700563431,0.5005035549402237,0.38453321903944016,0.2868739888072014,0.25635547935962677,0.317392498254776,0.40894802659749985,0.4211554303765297,0.3234962001442909,0.16479995101690292,0.0,-0.12817773967981339,-0.23194067180156708,-0.36011841148138046,-0.5432294681668282,-0.8789330720901489,-1.3855403289198875,-1.8860438838601112,-2.130191959440708,-2.2400585934519768,-2.2827845066785812,-2.0996734499931335,-1.513718068599701,-0.7751701399683952,-0.43336283415555954,-0.4516739398241043,-0.5615405738353729,0.0,0.0,0.0,0.0,0.0,0.0,0.0,0.0,0.0
-0.14038514345884323,0.4028443247079849,0.5859553813934326,0.40894802659749985,0.14038514345884323,-0.10376293212175369,-0.20142216235399246,-0.08545182645320892,0.1342814415693283,0.3479110077023506,0.5249183624982834,0.6225775927305222,0.6103701889514923,0.49439985305070877,0.3418073058128357,0.28077028691768646,0.41505172848701477,0.714133121073246,0.9399700909852982,0.9216589853167534,0.7385479286313057,0.48829615116119385,0.21973326802253723,-0.012207403779029846,-0.2136295661330223,-0.4516739398241043,-0.7507553324103355,-1.2024292722344398,-1.7761772498488426,-2.1973326802253723,-2.36823633313179,-2.4353770539164543,-2.38044373691082,-2.0203253254294395,-1.3245033100247383,-0.634784996509552,-0.3662221133708954,-0.41505172848701477,-0.5676442757248878,0.0,0.0,0.0,0.0,0.0,0.0,0.0,0.0,0.0
-0.238044373691082,0.17090365290641785,0.25635547935962677,0.10376293212175369,-0.048829615116119385,-0.15259254723787308,-0.10376293212175369,0.12817773967981339,0.3906369209289551,0.5859553813934326,0.7202368229627609,0.7568590342998505,0.6897183135151863,0.5493331700563431,0.40894802659749985,0.40894802659749985,0.6836146116256714,1.110873743891716,1.275673694908619,1.1352885514497757,0.8972441777586937,0.5981627851724625,0.2685628831386566,-0.048829615116119385,-0.36011841148138046,-0.714133121073246,-1.1352885514497757,-1.6418958082795143,-2.1240882575511932,-2.4048585444688797,-2.533036284148693,-2.5574510917067528,-2.3621326312422752,-1.8372142687439919,-1.104770042002201,-0.476088747382164,-0.24414807558059692,-0.3234962001442909,-0.5859553813934326,0.0,0.0,0.0,0.0,0.0,0.0,0.0,0.0,0.0
-0.3906369209289551,-0.08545182645320892,-0.04272591322660446,-0.14038514345884323,-0.16479995101690292,-0.12817773967981339,0.01831110566854477,0.2868739888072014,0.5371257662773132,0.7202368229627609,0.8362071588635445,0.8606219664216042,0.7568590342998505,0.5676442757248878,0.39674062281847,0.4211554303765297,0.7995849475264549,1.263466291129589,1.3306070119142532,1.1658070608973503,0.952177494764328,0.6225775927305222,0.238044373691082,-0.15259254723787308,-0.5676442757248878,-1.0071108117699623,-1.4709921553730965,-1.910458691418171,-2.2461622953414917,-2.447584457695484,-2.551347389817238,-2.4964140728116035,-2.154606766998768,-1.5503402799367905,-0.8423108607530594,-0.2868739888072014,-0.10986663401126862,-0.30518509447574615,-0.7690664380788803,0.0,0.0,0.0,0.0,0.0,0.0,0.0,0.0,0.0
-0.6164738908410072,-0.37842951714992523,-0.35401470959186554,-0.3723258152604103,-0.2624591812491417,-0.08545182645320892,0.12207403779029846,0.35401470959186554,0.5798516795039177,0.7812738418579102,0.9460737928748131,0.9826960042119026,0.8056886494159698,0.5188146606087685,0.29908139258623123,0.3723258152604103,0.8362071588635445,1.2268440797924995,1.184118166565895,1.025421917438507,0.8239997550845146,0.48829615116119385,0.12207403779029846,-0.2868739888072014,-0.7385479286313057,-1.184118166565895,-1.6052735969424248,-1.9592883065342903,-2.221747487783432,-2.386547438800335,-2.4231696501374245,-2.233954891562462,-1.7944883555173874,-1.2024292722344398,-0.5737479776144028,-0.1342814415693283,-0.09155552834272385,-0.43336283415555954,-1.025421917438507,0.0,0.0,0.0,0.0,0.0,0.0,0.0,0.0,0.0
-0.8545182645320892,-0.6653035059571266,-0.6225775927305222,-0.5615405738353729,-0.3234962001442909,-0.04272591322660446,0.17700735479593277,0.35401470959186554,0.5432294681668282,0.7812738418579102,1.031525619328022,1.0864589363336563,0.8178960531949997,0.38453321903944016,0.09155552834272385,0.19531846046447754,0.6469924002885818,0.9033478796482086,0.7995849475264549,0.6714072078466415,0.5127109587192535,0.22583696991205215,-0.09155552834272385,-0.46388134360313416,-0.872829370200634,-1.2573625892400742,-1.5991698950529099,-1.8616290763020515,-2.0386364310979843,-2.0996734499931335,-2.0081179216504097,-1.7334513366222382,-1.3245033100247383,-0.8239997550845146,-0.3479110077023506,-0.11597033590078354,-0.2685628831386566,-0.6225775927305222,-1.0437330231070518,0.0,0.0,0.0,0.0,0.0,0.0,0.0,0.0,0.0
-1.037629321217537,-0.8789330720901489,-0.8117923513054848,-0.6775109097361565,-0.35401470959186554,-0.01831110566854477,0.1831110566854477,0.3112887963652611,0.46388134360313416,0.7263405248522758,1.037629321217537,1.1352885514497757,0.8117923513054848,0.25635547935962677,-0.12817773967981339,-0.079348124563694,0.2868739888072014,0.4699850454926491,0.32959990203380585,0.1831110566854477,0.079348124563694,-0.09155552834272385,-0.317392498254776,-0.5859553813934326,-0.8789330720901489,-1.1413922533392906,-1.355021819472313,-1.4954069629311562,-1.5442365780472755,-1.513718068599701,-1.3855403289198875,-1.1719107627868652,-0.872829370200634,-0.5249183624982834,-0.24414807558059692,-0.25025177747011185,-0.5066072568297386,-0.6897183135151863,-0.7263405248522758,0.0,0.0,0.0,0.0,0.0,0.0,0.0,0.0,0.0
-1.1597033590078354,-1.025421917438507,-0.9399700909852982,-0.7324442267417908,-0.36011841148138046,-0.01831110566854477,0.158696249127388,0.25635547935962677,0.39674062281847,0.6469924002885818,0.9704886004328728,1.0986663401126862,0.7873775437474251,0.18921475857496262,-0.2685628831386566,-0.30518509447574615,0.0,0.2136295661330223,0.10376293212175369,-0.10376293212175369,-0.23194067180156708,-0.33570360392332077,-0.46388134360313416,-0.6286812946200371,-0.7873775437474251,-0.9094515815377235,-0.9949034079909325,-1.025421917438507,-1.0193182155489922,-0.9887997061014175,-0.9216589853167534,-0.8117923513054848,-0.6530961021780968,-0.49439985305070877,-0.43336283415555954,-0.5310220643877983,-0.6591998040676117,-0.7812738418579102,-0.6042664870619774,0.0,0.0,0.0,0.0,0.0,0.0,0.0,0.0,0.0
-1.2207403779029846,-1.1413922533392906,-1.0193182155489922,-0.7385479286313057,-0.3479110077023506,-0.048829615116119385,0.10376293212175369,0.2136295661330223,0.35401470959186554,0.5615405738353729,0.8423108607530594,0.9949034079909325,0.7385479286313057,0.158696249127388,-0.33570360392332077,-0.4516739398241043,-0.1831110566854477,0.12817773967981339,0.1342814415693283,-0.05493331700563431,-0.17700735479593277,-0.238044373691082,-0.2868739888072014,-0.36011841148138046,-0.43336283415555954,-0.5005035549402237,-0.5493331700563431,-0.5798516795039177,-0.6164738908410072,-0.6530961021780968,-0.6775109097361565,-0.6653035059571266,-0.6958220154047012,-0.7568590342998505,-0.7629627361893654,-0.6530961021780968,-0.4516739398241043,-0.37842951714992523,0.0,0.0,0.0,0.0,0.0,0.0,0.0,0.0,0.0,0.0
-1.2512588873505592,-1.1780144646763802,-0.9949034079909325,-0.6653035059571266,-0.32959990203380585,-0.11597033590078354,0.030518509447574615,0.18921475857496262,0.35401470959186554,0.5005035549402237,0.6836146116256714,0.8301034569740295,0.6469924002885818,0.12817773967981339,-0.3662221133708954,-0.5127109587192535,-0.22583696991205215,0.21973326802253723,0.317392498254776,0.10376293212175369,-0.04272591322660446,-0.06103701889514923,-0.048829615116119385,-0.048829615116119385,-0.08545182645320892,-0.14038514345884323,-0.20752586424350739,-0.29908139258623123,-0.41505172848701477,-0.5310220643877983,-0.6408886983990669,-0.79348124563694,-1.037629321217537,-1.1719107627868652,-0.9765923023223877,-0.6164738908410072,-0.2868739888072014,0.0,0.0,-0.09765923023223877,0.07324442267417908,0.08545182645320892,0.1342814415693283,0.18921475857496262,0.21973326802253723,0.238044373691082,0.2685628831386566,0.2929776906967163
-1.196325570344925,-1.0681478306651115,-0.8362071588635445,-0.555436871945858,-0.33570360392332077,-0.19531846046447754,-0.03662221133708954,0.17700735479593277,0.38453321903944016,0.4821924492716789,0.5615405738353729,0.6530961021780968,0.49439985305070877,0.03662221133708954,-0.3906369209289551,-0.4699850454926491,-0.10986663401126862,0.30518509447574615,0.29908139258623123,0.09765923023223877,0.030518509447574615,0.09155552834272385,0.15259254723787308,0.16479995101690292,0.14038514345884323,0.06103701889514923,-0.05493331700563431,-0.20142216235399246,-0.3662221133708954,-0.5249183624982834,-0.714133121073246,-0.9949034079909325,-1.3306070119142532,-1.3367107138037682,-1.0132145136594772,-0.6164738908410072,-0.079348124563694,-0.03662221133708954,0.1831110566854477,0.10376293212175369,0.04272591322660446,0.048829615116119385,0.1342814415693283,0.20142216235399246,0.2136295661330223,0.22583696991205215,0.27466658502817154,0.29908139258623123
-0.9949034079909325,-0.8545182645320892,-0.6653035059571266,-0.4821924492716789,-0.3418073058128357,-0.21973326802253723,-0.05493331700563431,0.18921475857496262,0.39674062281847,0.45777764171361923,0.476088747382164,0.5005035549402237,0.32959990203380585,-0.08545182645320892,-0.4272591322660446,-0.4028443247079849,-0.06714072078466415,0.12207403779029846,-0.03662221133708954,-0.14038514345884323,-0.012207403779029846,0.17700735479593277,0.3112887963652611,0.3906369209289551,0.4028443247079849,0.3418073058128357,0.20752586424350739,0.01831110566854477,-0.20142216235399246,-0.4211554303765297,-0.6653035059571266,-0.9643848985433578,-1.2512588873505592,-1.2085329741239548,-1.0437330231070518,-0.6897183135151863,-0.12207403779029846,0.22583696991205215,0.33570360392332077,0.2136295661330223,0.07324442267417908,0.030518509447574615,0.048829615116119385,0.048829615116119385,0.03662221133708954,0.06103701889514923,0.19531846046447754,0.28077028691768646
-0.7751701399683952,-0.6469924002885818,-0.5066072568297386,-0.3723258152604103,-0.2624591812491417,-0.16479995101690292,-0.03662221133708954,0.16479995101690292,0.32959990203380585,0.36011841148138046,0.3418073058128357,0.3112887963652611,0.10376293212175369,-0.25635547935962677,-0.49439985305070877,-0.43336283415555954,-0.27466658502817154,-0.33570360392332077,-0.476088747382164,-0.35401470959186554,-0.024414807558059692,0.2624591812491417,0.43946653604507446,0.5615405738353729,0.6286812946200371,0.6042664870619774,0.5005035549402237,0.30518509447574615,0.05493331700563431,-0.22583696991205215,-0.5249183624982834,-0.8301034569740295,-1.0559404268860817,-1.0437330231070518,-0.9399700909852982,-0.6408886983990669,-0.1831110566854477,0.23194067180156708,0.43946653604507446,0.4028443247079849,0.24414807558059692,0.10986663401126862,0.006103701889514923,-0.06103701889514923,-0.10376293212175369,-0.09155552834272385,0.05493331700563431,0.25635547935962677
-0.5432294681668282,-0.37842951714992523,-0.22583696991205215,-0.12207403779029846,-0.079348124563694,-0.08545182645320892,-0.079348124563694,0.006103701889514923,0.10986663401126862,0.15259254723787308,0.15259254723787308,0.07324442267417908,-0.158696249127388,-0.4516739398241043,-0.6225775927305222,-0.6469924002885818,-0.7019257172942162,-0.8301034569740295,-0.7751701399683952,-0.37842951714992523,0.09765923023223877,0.38453321903944016,0.5432294681668282,0.6714072078466415,0.7507553324103355,0.7751701399683952,0.7446516305208206,0.6286812946200371,0.4211554303765297,0.1342814415693283,-0.1831110566854477,-0.5066072568297386,-0.7568590342998505,-0.8301034569740295,-0.7690664380788803,-0.5737479776144028,-0.238044373691082,0.158696249127388,0.41505172848701477,0.4516739398241043,0.35401470959186554,0.25025177747011185,0.158696249127388,0.10376293212175369,0.04272591322660446,0.030518509447574615,0.1342814415693283,0.2929776906967163
-0.2136295661330223,-0.01831110566854477,0.09155552834272385,0.08545182645320892,-0.012207403779029846,-0.15259254723787308,-0.25635547935962677,-0.25025177747011185,-0.17700735479593277,-0.09155552834272385,-0.048829615116119385,-0.14648884534835815,-0.3662221133708954,-0.6103701889514923,-0.7751701399683952,-0.8972441777586937,-1.0437330231070518,-1.0803552344441414,-0.8056886494159698,-0.2624591812491417,0.20752586424350739,0.4455702379345894,0.6164738908410072,0.7568590342998505,0.8239997550845146,0.8423108607530594,0.8362071588635445,0.7995849475264549,0.7202368229627609,0.5493331700563431,0.2929776906967163,0.006103701889514923,-0.25025177747011185,-0.4211554303765297,-0.4821924492716789,-0.4516739398241043,-0.29908139258623123,-0.04272591322660446,0.16479995101690292,0.24414807558059692,0.25635547935962677,0.27466658502817154,0.2868739888072014,0.28077028691768646,0.2624591812491417,0.2624591812491417,0.33570360392332077,0.46388134360313416
0.12817773967981339,0.24414807558059692,0.20142216235399246,0.048829615116119385,-0.1342814415693283,-0.29908139258623123,-0.4028443247079849,-0.4211554303765297,-0.36011841148138046,-0.2624591812491417,-0.2136295661330223,-0.29908139258623123,-0.4821924492716789,-0.6897183135151863,-0.8667256683111191,-1.031525619328022,-1.1597033590078354,-1.110873743891716,-0.7629627361893654,-0.25025177747011185,0.1342814415693283,0.3723258152604103,0.6042664870619774,0.7873775437474251,0.8606219664216042,0.8789330720901489,0.8545182645320892,0.8178960531949997,0.7812738418579102,0.7385479286313057,0.6530961021780968,0.49439985305070877,0.28077028691768646,0.06714072078466415,-0.10376293212175369,-0.22583696991205215,-0.27466658502817154,-0.238044373691082,-0.16479995101690292,-0.11597033590078354,-0.048829615116119385,0.08545182645320892,0.238044373691082,0.35401470959186554,0.4211554303765297,0.4821924492716789,0.5371257662773132,0.5676442757248878
