data/netcdf/wind7.json
{"header": { "parameterNumberName":"northward_wind", "parameterUnit":"m.s-1", "parameterNumber":3, "parameterCategory":2, "nx":85, "ny":55, "numberPoints":4675, "dx":0.0833333358168602, "dy":0.0833333358168602, "la1":40.0, "lo1":-12.0, "la2":35.5, "lo2":-5.0 }, "data":
[rows 21 to 41 of 55, columns 0 to 47 of 85]
-0.5859553813934326,-0.5859553813934326,-0.5737479776144028,-0.5310220643877983,-0.4699850454926491,-0.41505172848701477,-0.3662221133708954,-0.33570360392332077,-0.3112887963652611,-0.30518509447574615,-0.3112887963652611,-0.317392498254776,-0.32959990203380585,-0.3479110077023506,-0.38453321903944016,-0.43336283415555954,-0.4821924492716789,-0.5005035549402237,-0.48829615116119385,-0.4699850454926491,-0.46388134360313416,-0.4211554303765297,-0.36011841148138046,-0.2868739888072014,-0.20142216235399246,-0.19531846046447754,-0.4455702379345894,-0.7873775437474251,-1.0803552344441414,-1.2390514835715294,-1.2207403779029846,-1.1474959552288055,-1.3306070119142532,-1.507614366710186,-1.3977477326989174,-1.184118166565895,-1.184118166565895,-1.3855403289198875,-1.7334513366222382,0.0,0.0,0.0,0.0,0.0,0.0,0.0,0.0,0.0
-0.6103701889514923,-0.5676442757248878,-0.4699850454926491,-0.32959990203380585,-0.21973326802253723,-0.17700735479593277,-0.1831110566854477,-0.2136295661330223,-0.23194067180156708,-0.23194067180156708,-0.21973326802253723,-0.20752586424350739,-0.20752586424350739,-0.22583696991205215,-0.2685628831386566,-0.33570360392332077,-0.40894802659749985,-0.4699850454926491,-0.5127109587192535,-0.5371257662773132,-0.5493331700563431,-0.49439985305070877,-0.37842951714992523,-0.25025177747011185,-0.17090365290641785,-0.158696249127388,-0.2624591812491417,-0.5615405738353729,-0.9277626872062683,-1.1780144646763802,-1.3122959062457085,-1.4099551364779472,-1.6846217215061188,-1.910458691418171,-1.7761772498488426,-1.355021819472313,-1.19022186845541,-1.3977477326989174,-1.898251287639141,0.0,0.0,0.0,0.0,0.0,0.0,0.0,0.0,0.0
-0.6775109097361565,-0.5066072568297386,-0.24414807558059692,0.01831110566854477,0.15259254723787308,0.12207403779029846,0.012207403779029846,-0.10986663401126862,-0.19531846046447754,-0.21973326802253723,-0.18921475857496262,-0.14038514345884323,-0.10376293212175369,-0.09765923023223877,-0.12817773967981339,-0.18921475857496262,-0.27466658502817154,-0.36011841148138046,-0.43946653604507446,-0.49439985305070877,-0.49439985305070877,-0.40894802659749985,-0.25025177747011185,-0.10986663401126862,-0.06714072078466415,-0.14038514345884323,-0.2929776906967163,-0.5310220643877983,-0.8972441777586937,-1.2390514835715294,-1.4831995591521263,-1.745658740401268,-2.069154940545559,-2.2034363821148872,-1.9226660951972008,-1.3794366270303726,-1.2085329741239548,-1.4099551364779472,-1.7883846536278725,0.0,0.0,0.0,0.0,0.0,0.0,0.0,0.0,0.0
-0.7568590342998505,-0.4455702379345894,-0.006103701889514923,0.3662221133708954,0.4455702379345894,0.29908139258623123,0.06103701889514923,-0.16479995101690292,-0.30518509447574615,-0.32959990203380585,-0.25635547935962677,-0.12817773967981339,-0.006103701889514923,0.06714072078466415,0.08545182645320892,0.06103701889514923,0.006103701889514923,-0.06714072078466415,-0.14648884534835815,-0.19531846046447754,-0.18921475857496262,-0.12207403779029846,-0.024414807558059692,0.01831110566854477,-0.030518509447574615,-0.18921475857496262,-0.41505172848701477,-0.7446516305208206,-1.1291848495602608,-1.5503402799367905,-1.8860438838601112,-2.209540084004402,-2.4414807558059692,-2.36823633313179,-1.898251287639141,-1.3611255213618279,-1.2329477816820145,-1.3611255213618279,-1.5747550874948502,0.0,0.0,0.0,0.0,0.0,0.0,0.0,0.0,0.0
-0.7995849475264549,-0.3906369209289551,0.2136295661330223,0.6286812946200371,0.6286812946200371,0.3906369209289551,0.06714072078466415,-0.21973326802253723,-0.38453321903944016,-0.4028443247079849,-0.27466658502817154,-0.05493331700563431,0.16479995101690292,0.317392498254776,0.38453321903944016,0.38453321903944016,0.32959990203380585,0.2624591812491417,0.1831110566854477,0.10986663401126862,0.06103701889514923,0.024414807558059692,-0.01831110566854477,-0.079348124563694,-0.18921475857496262,-0.3723258152604103,-0.634784996509552,-1.0559404268860817,-1.5686513856053352,-2.0386364310979843,-2.38044373691082,-2.6367992162704468,-2.6612140238285065,-2.3255104199051857,-1.7334513366222382,-1.2451551854610443,-1.19022186845541,-1.3672292232513428,-1.501510664820671,0.0,0.0,0.0,0.0,0.0,0.0,0.0,0.0,0.0
-0.8117923513054848,-0.3418073058128357,0.3479110077023506,0.6836146116256714,0.5920590832829475,0.317392498254776,-0.006103701889514923,-0.25635547935962677,-0.3662221133708954,-0.32959990203380585,-0.16479995101690292,0.08545182645320892,0.3112887963652611,0.4516739398241043,0.476088747382164,0.39674062281847,0.2868739888072014,0.18921475857496262,0.11597033590078354,0.05493331700563431,-0.006103701889514923,-0.079348124563694,-0.1342814415693283,-0.1831110566854477,-0.28077028691768646,-0.48829615116119385,-0.8362071588635445,-1.3794366270303726,-1.98370311409235,-2.4353770539164543,-2.7283547446131706,-2.868739888072014,-2.6612140238285065,-2.130191959440708,-1.507614366710186,-1.0559404268860817,-1.031525619328022,-1.269569993019104,-1.3611255213618279,0.0,0.0,0.0,0.0,0.0,0.0,0.0,0.0,0.0
-0.8056886494159698,-0.3662221133708954,0.238044373691082,0.43946653604507446,0.32959990203380585,0.09765923023223877,-0.14038514345884323,-0.27466658502817154,-0.2624591812491417,-0.17090365290641785,-0.006103701889514923,0.20752586424350739,0.39674062281847,0.476088747382164,0.39674062281847,0.238044373691082,0.12207403779029846,0.11597033590078354,0.2136295661330223,0.30518509447574615,0.2868739888072014,0.18921475857496262,0.06103701889514923,-0.09765923023223877,-0.33570360392332077,-0.6714072078466415,-1.1535996571183205,-1.7944883555173874,-2.38044373691082,-2.7222510427236557,-2.9114658012986183,-2.8931546956300735,-2.4842066690325737,-1.8677327781915665,-1.2817773967981339,-0.8850367739796638,-0.9216589853167534,-1.2146366760134697,-1.422162540256977,0.0,0.0,0.0,0.0,0.0,0.0,0.0,0.0,0.0
-0.8423108607530594,-0.4821924492716789,-0.030518509447574615,0.08545182645320892,0.01831110566854477,-0.09765923023223877,-0.20142216235399246,-0.1831110566854477,-0.07324442267417908,0.04272591322660446,0.1831110566854477,0.35401470959186554,0.48829615116119385,0.5005035549402237,0.3723258152604103,0.20142216235399246,0.15259254723787308,0.37842951714992523,0.7019257172942162,0.8117923513054848,0.6286812946200371,0.36011841148138046,0.079348124563694,-0.21973326802253723,-0.5737479776144028,-1.037629321217537,-1.6235847026109695,-2.227851189672947,-2.6551103219389915,-2.8382213786244392,-2.8870509937405586,-2.6734214276075363,-2.1179845556616783,-1.5259254723787308,-1.031525619328022,-0.7202368229627609,-0.8239997550845146,-1.116977445781231,-1.4038514345884323,0.0,0.0,0.0,0.0,0.0,0.0,0.0,0.0,0.0
-0.9460737928748131,-0.6530961021780968,-0.32959990203380585,-0.23194067180156708,-0.21973326802253723,-0.20752586424350739,-0.17700735479593277,-0.048829615116119385,0.11597033590078354,0.238044373691082,0.3418073058128357,0.4516739398241043,0.5249183624982834,0.5066072568297386,0.37842951714992523,0.20142216235399246,0.20142216235399246,0.5188146606087685,0.9033478796482086,0.9155552834272385,0.6164738908410072,0.2929776906967163,-0.048829615116119385,-0.4455702379345894,-0.8850367739796638,-1.4038514345884323,-1.9531846046447754,-2.4048585444688797,-2.6429029181599617,-2.697836235165596,-2.618488110601902,-2.2400585934519768,-1.6968291252851486,-1.2085329741239548,-0.8117923513054848,-0.5737479776144028,-0.7202368229627609,-1.0803552344441414,-1.5442365780472755,0.0,0.0,0.0,0.0,0.0,0.0,0.0,0.0,0.0
-1.116977445781231,-0.8972441777586937,-0.6653035059571266,-0.555436871945858,-0.4211554303765297,-0.2624591812491417,-0.10986663401126862,0.06714072078466415,0.238044373691082,0.36011841148138046,0.45777764171361923,0.5371257662773132,0.5676442757248878,0.5127109587192535,0.3479110077023506,0.12817773967981339,0.09155552834272385,0.4455702379345894,0.8545182645320892,0.8056886494159698,0.476088747382164,0.14038514345884323,-0.25025177747011185,-0.6775109097361565,-1.110873743891716,-1.58696249127388,-2.0325327292084694,-2.3316141217947006,-2.453688159584999,-2.4109622463583946,-2.209540084004402,-1.7883846536278725,-1.355021819472313,-0.9765923023223877,-0.6469924002885818,-0.46388134360313416,-0.6653035059571266,-1.1719107627868652,-1.8921475857496262,0.0,0.0,0.0,0.0,0.0,0.0,0.0,0.0,0.0
-1.2939848005771637,-1.1291848495602608,-0.952177494764328,-0.79348124563694,-0.5432294681668282,-0.2685628831386566,-0.06714072078466415,0.09155552834272385,0.23194067180156708,0.3723258152604103,0.5127109587192535,0.6225775927305222,0.6286812946200371,0.5005035549402237,0.25635547935962677,-0.048829615116119385,-0.14648884534835815,0.17700735479593277,0.5493331700563431,0.4699850454926491,0.158696249127388,-0.15259254723787308,-0.5127109587192535,-0.8850367739796638,-1.2451551854610443,-1.6052735969424248,-1.898251287639141,-2.0386364310979843,-2.0325327292084694,-1.898251287639141,-1.6541032120585442,-1.355021819472313,-1.0925626382231712,-0.8239997550845146,-0.5676442757248878,-0.5188146606087685,-0.872829370200634,-1.422162540256977,-2.0142216235399246,0.0,0.0,0.0,0.0,0.0,0.0,0.0,0.0,0.0
-1.4038514345884323,-1.2878810986876488,-1.1291848495602608,-0.9155552834272385,-0.5737479776144028,-0.24414807558059692,-0.05493331700563431,0.048829615116119385,0.14648884534835815,0.29908139258623123,0.5066072568297386,0.6836146116256714,0.6897183135151863,0.4699850454926491,0.12817773967981339,-0.25635547935962677,-0.4455702379345894,-0.20752586424350739,0.1342814415693283,0.09155552834272385,-0.17090365290641785,-0.43336283415555954,-0.6958220154047012,-0.9338663890957832,-1.1719107627868652,-1.3733329251408577,-1.4954069629311562,-1.501510664820671,-1.4160588383674622,-1.2817773967981339,-1.1474959552288055,-1.0498367249965668,-0.952177494764328,-0.7812738418579102,-0.634784996509552,-0.7690664380788803,-1.2329477816820145,-1.6052735969424248,-1.580858789384365,0.0,0.0,0.0,0.0,0.0,0.0,0.0,0.0,0.0
-1.4587847515940666,-1.3855403289198875,-1.2268440797924995,-0.9399700909852982,-0.5493331700563431,-0.22583696991205215,-0.08545182645320892,-0.024414807558059692,0.048829615116119385,0.20142216235399246,0.45777764171361923,0.6958220154047012,0.7202368229627609,0.45777764171361923,0.03662221133708954,-0.3906369209289551,-0.6469924002885818,-0.5188146606087685,-0.20142216235399246,-0.10986663401126862,-0.2685628831386566,-0.4821924492716789,-0.6591998040676117,-0.7812738418579102,-0.8850367739796638,-0.9582811966538429,-0.9704886004328728,-0.9277626872062683,-0.872829370200634,-0.8484145626425743,-0.8789330720901489,-0.9399700909852982,-0.9643848985433578,-0.9460737928748131,-0.9887997061014175,-1.2390514835715294,-1.6357921063899994,-2.0020142197608948,-1.5198217704892159,0.0,0.0,0.0,0.0,0.0,0.0,0.0,0.0,0.0
-1.4954069629311562,-1.422162540256977,-1.2146366760134697,-0.8667256683111191,-0.49439985305070877,-0.2624591812491417,-0.16479995101690292,-0.09765923023223877,-0.012207403779029846,0.12207403779029846,0.3479110077023506,0.6225775927305222,0.6897183135151863,0.41505172848701477,-0.03662221133708954,-0.4821924492716789,-0.7812738418579102,-0.7202368229627609,-0.37842951714992523,-0.14038514345884323,-0.1831110566854477,-0.3112887963652611,-0.40894802659749985,-0.4699850454926491,-0.5127109587192535,-0.5371257662773132,-0.5493331700563431,-0.555436871945858,-0.5920590832829475,-0.6836146116256714,-0.8362071588635445,-0.9949034079909325,-1.1597033590078354,-1.3611255213618279,-1.5259254723787308,-1.580858789384365,-1.5259254723787308,-1.3000885024666786,0.0,0.0,0.0,0.0,0.0,0.0,0.0,0.0,0.0,0.0
-1.4404736459255219,-1.3000885024666786,-1.0498367249965668,-0.7446516305208206,-0.5127109587192535,-0.37842951714992523,-0.25635547935962677,-0.10376293212175369,0.024414807558059692,0.09765923023223877,0.22583696991205215,0.4516739398241043,0.5432294681668282,0.2929776906967163,-0.14648884534835815,-0.5493331700563431,-0.8178960531949997,-0.7629627361893654,-0.37842951714992523,-0.03662221133708954,0.0,-0.10986663401126862,-0.17700735479593277,-0.20752586424350739,-0.238044373691082,-0.2868739888072014,-0.3662221133708954,-0.46388134360313416,-0.5981627851724625,-0.7751701399683952,-0.9887997061014175,-1.2329477816820145,-1.5442365780472755,-1.8494216725230217,-1.8677327781915665,-1.6235847026109695,-1.58696249127388,0.0,0.0,-0.5859553813934326,-0.1831110566854477,-0.18921475857496262,-0.1342814415693283,-0.07324442267417908,-0.06103701889514923,-0.048829615116119385,-0.01831110566854477,0.006103701889514923
-1.263466291129589,-1.104770042002201,-0.9033478796482086,-0.7202368229627609,-0.6042664870619774,-0.49439985305070877,-0.3112887963652611,-0.06103701889514923,0.10376293212175369,0.11597033590078354,0.10986663401126862,0.24414807558059692,0.3234962001442909,0.09765923023223877,-0.2929776906967163,-0.6164738908410072,-0.7751701399683952,-0.6408886983990669,-0.24414807558059692,0.04272591322660446,0.03662221133708954,-0.05493331700563431,-0.06714072078466415,-0.06103701889514923,-0.07324442267417908,-0.12817773967981339,-0.25025177747011185,-0.41505172848701477,-0.6164738908410072,-0.8362071588635445,-1.0803552344441414,-1.3855403289198875,-1.7273476347327232,-1.904354989528656,-1.7883846536278725,-1.5747550874948502,-1.116977445781231,-0.872829370200634,0.03662221133708954,-0.07324442267417908,-0.238044373691082,-0.25025177747011185,-0.12207403779029846,-0.048829615116119385,-0.07324442267417908,-0.07324442267417908,-0.01831110566854477,0.01831110566854477
-1.116977445781231,-0.9949034079909325,-0.8606219664216042,-0.7446516305208206,-0.6469924002885818,-0.5127109587192535,-0.28077028691768646,0.0,0.158696249127388,0.09765923023223877,0.006103701889514923,0.06103701889514923,0.10376293212175369,-0.12207403779029846,-0.4516739398241043,-0.6775109097361565,-0.7202368229627609,-0.5188146606087685,-0.22583696991205215,-0.158696249127388,-0.25635547935962677,-0.23194067180156708,-0.12817773967981339,0.0,0.08545182645320892,0.08545182645320892,-0.012207403779029846,-0.20142216235399246,-0.46388134360313416,-0.7385479286313057,-1.0193182155489922,-1.3061922043561935,-1.5686513856053352,-1.6479995101690292,-1.672414317727089,-1.4099551364779472,-0.5981627851724625,0.0,0.18921475857496262,0.024414807558059692,-0.17700735479593277,-0.19531846046447754,-0.14648884534835815,-0.17700735479593277,-0.25025177747011185,-0.25635547935962677,-0.09765923023223877,0.03662221133708954
-1.0132145136594772,-0.8911404758691788,-0.7446516305208206,-0.6164738908410072,-0.5127109587192535,-0.3906369209289551,-0.20142216235399246,0.012207403779029846,0.09155552834272385,-0.030518509447574615,-0.158696249127388,-0.14648884534835815,-0.16479995101690292,-0.39674062281847,-0.6408886983990669,-0.7507553324103355,-0.7080294191837311,-0.5676442757248878,-0.5005035549402237,-0.5859553813934326,-0.5981627851724625,-0.43336283415555954,-0.17090365290641785,0.09155552834272385,0.25635547935962677,0.317392498254776,0.2685628831386566,0.09765923023223877,-0.17090365290641785,-0.48829615116119385,-0.8239997550845146,-1.1352885514497757,-1.342814415693283,-1.4099551364779472,-1.4770958572626114,-1.184118166565895,-0.5493331700563431,-0.024414807558059692,0.17700735479593277,0.12817773967981339,-0.012207403779029846,-0.12817773967981339,-0.21973326802253723,-0.2685628831386566,-0.33570360392332077,-0.3723258152604103,-0.24414807558059692,-0.024414807558059692
-0.7873775437474251,-0.5859553813934326,-0.3906369209289551,-0.27466658502817154,-0.25025177747011185,-0.2624591812491417,-0.23194067180156708,-0.1831110566854477,-0.2136295661330223,-0.32959990203380585,-0.38453321903944016,-0.36011841148138046,-0.45777764171361923,-0.6714072078466415,-0.8239997550845146,-0.8484145626425743,-0.8362071588635445,-0.8667256683111191,-0.9704886004328728,-1.025421917438507,-0.8545182645320892,-0.46388134360313416,-0.05493331700563431,0.22583696991205215,0.3906369209289551,0.4821924492716789,0.49439985305070877,0.41505172848701477,0.23194067180156708,-0.03662221133708954,-0.3662221133708954,-0.7019257172942162,-0.9765923023223877,-1.1352885514497757,-1.2085329741239548,-1.031525619328022,-0.6225775927305222,-0.19531846046447754,0.05493331700563431,0.14038514345884323,0.1342814415693283,0.06714072078466415,-0.01831110566854477,-0.079348124563694,-0.15259254723787308,-0.19531846046447754,-0.12207403779029846,0.024414807558059692
-0.4516739398241043,-0.17090365290641785,-0.006103701889514923,-0.024414807558059692,-0.17090365290641785,-0.35401470959186554,-0.4821924492716789,-0.555436871945858,-0.6164738908410072,-0.634784996509552,-0.5615405738353729,-0.5310220643877983,-0.6836146116256714,-0.8667256683111191,-0.9460737928748131,-0.9643848985433578,-1.037629321217537,-1.1658070608973503,-1.263466291129589,-1.1780144646763802,-0.7995849475264549,-0.27466658502817154,0.14648884534835815,0.39674062281847,0.5310220643877983,0.5737479776144028,0.5676442757248878,0.5432294681668282,0.49439985305070877,0.38453321903944016,0.1831110566854477,-0.10376293212175369,-0.39674062281847,-0.6469924002885818,-0.8301034569740295,-0.8606219664216042,-0.7080294191837311,-0.45777764171361923,-0.23194067180156708,-0.04272591322660446,0.10986663401126862,0.17700735479593277,0.158696249127388,0.10376293212175369,0.04272591322660446,0.0,0.01831110566854477,0.12817773967981339
-0.09765923023223877,0.12207403779029846,0.10986663401126862,-0.09155552834272385,-0.36011841148138046,-0.6042664870619774,-0.7751701399683952,-0.8667256683111191,-0.8789330720901489,-0.79348124563694,-0.6530961021780968,-0.6530961021780968,-0.7995849475264549,-0.9399700909852982,-1.0010071098804474,-1.0437330231070518,-1.1597033590078354,-1.3000885024666786,-1.3306070119142532,-1.1352885514497757,-0.6897183135151863,-0.20142216235399246,0.16479995101690292,0.4211554303765297,0.5737479776144028,0.6103701889514923,0.5798516795039177,0.5432294681668282,0.5249183624982834,0.5310220643877983,0.5188146606087685,0.41505172848701477,0.20142216235399246,-0.079348124563694,-0.3479110077023506,-0.555436871945858,-0.6653035059571266,-0.6714072078466415,-0.5676442757248878,-0.3662221133708954,-0.1342814415693283,0.06103701889514923,0.16479995101690292,0.17700735479593277,0.158696249127388,0.16479995101690292,0.18921475857496262,0.20142216235399246
