data/netcdf/wind7.json
{"header": { "parameterNumberName":"eastward_wind", "parameterUnit":"m.s-1", "parameterNumber":2, "parameterCategory":2, "nx":85, "ny":55, "numberPoints":4675, "dx":0.0833333358168602, "dy":0.0833333358168602, "la1":40.0, "lo1":-12.0, "la2":35.5, "lo2":-5.0 }, "data":
[rows 21 to 41 of 55, columns 0 to 47 of 85]
-1.3122959062457085,-1.2878810986876488,-1.2329477816820145,-1.1352885514497757,-1.0010071098804474,-0.8545182645320892,-0.7202368229627609,-0.6042664870619774,-0.5005035549402237,-0.40894802659749985,-0.30518509447574615,-0.19531846046447754,-0.07324442267417908,0.048829615116119385,0.158696249127388,0.25025177747011185,0.3234962001442909,0.35401470959186554,0.3479110077023506,0.30518509447574615,0.238044373691082,0.15259254723787308,0.048829615116119385,0.0,-0.01831110566854477,-0.06714072078466415,-0.10986663401126862,0.05493331700563431,0.38453321903944016,0.6836146116256714,0.8423108607530594,0.7995849475264549,0.6225775927305222,0.46388134360313416,0.20142216235399246,-0.06714072078466415,-0.12817773967981339,-0.07324442267417908,-0.048829615116119385,0.0,0.0,0.0,0.0,0.0,0.0,0.0,0.0,0.0
-1.5747550874948502,-1.5686513856053352,-1.4954069629311562,-1.348918117582798,-1.1474959552288055,-0.952177494764328,-0.8117923513054848,-0.7446516305208206,-0.7263405248522758,-0.7202368229627609,-0.6958220154047012,-0.6408886983990669,-0.5493331700563431,-0.43946653604507446,-0.317392498254776,-0.18921475857496262,-0.06103701889514923,0.048829615116119385,0.12817773967981339,0.17090365290641785,0.19531846046447754,0.20752586424350739,0.22583696991205215,0.27466658502817154,0.3418073058128357,0.39674062281847,0.39674062281847,0.36011841148138046,0.3662221133708954,0.4699850454926491,0.555436871945858,0.45777764171361923,0.18921475857496262,-0.06103701889514923,-0.25025177747011185,-0.3662221133708954,-0.43336283415555954,-0.4211554303765297,-0.3906369209289551,0.0,0.0,0.0,0.0,0.0,0.0,0.0,0.0,0.0
-1.6113772988319397,-1.580858789384365,-1.4526810497045517,-1.2207403779029846,-0.9399700909852982,-0.6897183135151863,-0.5310220643877983,-0.476088747382164,-0.5188146606087685,-0.6225775927305222,-0.7263405248522758,-0.7812738418579102,-0.7812738418579102,-0.7263405248522758,-0.634784996509552,-0.5188146606087685,-0.37842951714992523,-0.23194067180156708,-0.07324442267417908,0.07324442267417908,0.22583696991205215,0.3662221133708954,0.49439985305070877,0.6164738908410072,0.714133121073246,0.7751701399683952,0.7873775437474251,0.7568590342998505,0.6225775927305222,0.41505172848701477,0.238044373691082,-0.012207403779029846,-0.317392498254776,-0.5066072568297386,-0.555436871945858,-0.5615405738353729,-0.6164738908410072,-0.6103701889514923,-0.5737479776144028,0.0,0.0,0.0,0.0,0.0,0.0,0.0,0.0,0.0
-1.3855403289198875,-1.3672292232513428,-1.2268440797924995,-0.9887997061014175,-0.7324442267417908,-0.5432294681668282,-0.43336283415555954,-0.3906369209289551,-0.4028443247079849,-0.46388134360313416,-0.5615405738353729,-0.6286812946200371,-0.6408886983990669,-0.5920590832829475,-0.48829615116119385,-0.35401470959186554,-0.19531846046447754,-0.024414807558059692,0.158696249127388,0.35401470959186554,0.5493331700563431,0.714133121073246,0.8423108607530594,0.9216589853167534,0.9460737928748131,0.9277626872062683,0.8667256683111191,0.7812738418579102,0.6103701889514923,0.27466658502817154,-0.10986663401126862,-0.476088747382164,-0.7385479286313057,-0.7995849475264549,-0.7202368229627609,-0.6653035059571266,-0.6164738908410072,-0.5493331700563431,-0.5493331700563431,0.0,0.0,0.0,0.0,0.0,0.0,0.0,0.0,0.0
-1.031525619328022,-1.0437330231070518,-0.9887997061014175,-0.8606219664216042,-0.7507553324103355,-0.7080294191837311,-0.7080294191837311,-0.7080294191837311,-0.6836146116256714,-0.6408886983990669,-0.5920590832829475,-0.5188146606087685,-0.41505172848701477,-0.27466658502817154,-0.11597033590078354,0.03662221133708954,0.1831110566854477,0.3234962001442909,0.46388134360313416,0.6103701889514923,0.7507553324103355,0.8484145626425743,0.8911404758691788,0.8911404758691788,0.8484145626425743,0.7751701399683952,0.6591998040676117,0.5066072568297386,0.28077028691768646,-0.11597033590078354,-0.5432294681668282,-0.8545182645320892,-1.0010071098804474,-0.9399700909852982,-0.8056886494159698,-0.7080294191837311,-0.5798516795039177,-0.4516739398241043,-0.4516739398241043,0.0,0.0,0.0,0.0,0.0,0.0,0.0,0.0,0.0
-0.8178960531949997,-0.8667256683111191,-0.9216589853167534,-0.9460737928748131,-1.031525619328022,-1.1413922533392906,-1.196325570344925,-1.196325570344925,-1.1352885514497757,-1.0193182155489922,-0.8850367739796638,-0.7507553324103355,-0.6103701889514923,-0.4821924492716789,-0.37842951714992523,-0.3234962001442909,-0.2929776906967163,-0.24414807558059692,-0.14648884534835815,0.006103701889514923,0.1831110566854477,0.32959990203380585,0.4211554303765297,0.45777764171361923,0.43336283415555954,0.3479110077023506,0.17090365290641785,-0.05493331700563431,-0.3479110077023506,-0.7507553324103355,-1.0620441287755966,-1.1780144646763802,-1.1291848495602608,-0.952177494764328,-0.7751701399683952,-0.6408886983990669,-0.4699850454926491,-0.3418073058128357,-0.35401470959186554,0.0,0.0,0.0,0.0,0.0,0.0,0.0,0.0,0.0
-0.7568590342998505,-0.8545182645320892,-0.9949034079909325,-1.1413922533392906,-1.355021819472313,-1.5259254723787308,-1.58696249127388,-1.5625476837158203,-1.4587847515940666,-1.3122959062457085,-1.1719107627868652,-1.0559404268860817,-0.9704886004328728,-0.9155552834272385,-0.8972441777586937,-0.9277626872062683,-0.9765923023223877,-0.952177494764328,-0.7995849475264549,-0.5615405738353729,-0.30518509447574615,-0.10376293212175369,0.0,0.01831110566854477,-0.05493331700563431,-0.23194067180156708,-0.49439985305070877,-0.79348124563694,-1.0986663401126862,-1.3672292232513428,-1.4465773478150368,-1.3245033100247383,-1.0986663401126862,-0.8423108607530594,-0.6530961021780968,-0.5249183624982834,-0.39674062281847,-0.2929776906967163,-0.2929776906967163,0.0,0.0,0.0,0.0,0.0,0.0,0.0,0.0,0.0
-0.7263405248522758,-0.8850367739796638,-1.0864589363336563,-1.3000885024666786,-1.5442365780472755,-1.7090365290641785,-1.7273476347327232,-1.672414317727089,-1.5564439818263054,-1.4038514345884323,-1.269569993019104,-1.1780144646763802,-1.1291848495602608,-1.0986663401126862,-1.0803552344441414,-1.0803552344441414,-1.0986663401126862,-1.0681478306651115,-0.9338663890957832,-0.7080294191837311,-0.5066072568297386,-0.41505172848701477,-0.41505172848701477,-0.5066072568297386,-0.6775109097361565,-0.9338663890957832,-1.2268440797924995,-1.501510664820671,-1.7090365290641785,-1.7822809517383575,-1.6296884045004845,-1.3306070119142532,-1.0071108117699623,-0.7202368229627609,-0.5432294681668282,-0.43336283415555954,-0.30518509447574615,-0.21973326802253723,-0.24414807558059692,0.0,0.0,0.0,0.0,0.0,0.0,0.0,0.0,0.0
-0.6897183135151863,-0.8911404758691788,-1.0986663401126862,-1.2939848005771637,-1.501510664820671,-1.6052735969424248,-1.5747550874948502,-1.501510664820671,-1.3977477326989174,-1.2817773967981339,-1.1719107627868652,-1.0925626382231712,-1.0559404268860817,-1.0437330231070518,-1.0193182155489922,-0.9826960042119026,-0.9949034079909325,-1.0681478306651115,-1.0925626382231712,-1.0498367249965668,-1.0620441287755966,-1.1535996571183205,-1.275673694908619,-1.434369944036007,-1.6418958082795143,-1.8738364800810814,-2.075258642435074,-2.1912289783358574,-2.1729178726673126,-1.9959105178713799,-1.6541032120585442,-1.2573625892400742,-0.9033478796482086,-0.634784996509552,-0.476088747382164,-0.38453321903944016,-0.2929776906967163,-0.24414807558059692,-0.28077028691768646,0.0,0.0,0.0,0.0,0.0,0.0,0.0,0.0,0.0
-0.6653035059571266,-0.8667256683111191,-1.0437330231070518,-1.19022186845541,-1.3245033100247383,-1.3794366270303726,-1.348918117582798,-1.2939848005771637,-1.2451551854610443,-1.1780144646763802,-1.0986663401126862,-1.0071108117699623,-0.9460737928748131,-0.9460737928748131,-0.9826960042119026,-0.9949034079909325,-1.0742515325546265,-1.3061922043561935,-1.5381328761577606,-1.6785180196166039,-1.8677327781915665,-2.075258642435074,-2.2461622953414917,-2.4231696501374245,-2.5818658992648125,-2.6795251294970512,-2.685628831386566,-2.5574510917067528,-2.301095612347126,-1.9287697970867157,-1.4831995591521263,-1.0803552344441414,-0.7629627361893654,-0.5432294681668282,-0.4211554303765297,-0.38453321903944016,-0.41505172848701477,-0.4516739398241043,-0.46388134360313416,0.0,0.0,0.0,0.0,0.0,0.0,0.0,0.0,0.0
-0.6653035059571266,-0.8362071588635445,-0.9704886004328728,-1.0559404268860817,-1.1291848495602608,-1.1535996571183205,-1.1413922533392906,-1.1413922533392906,-1.1658070608973503,-1.1719107627868652,-1.1352885514497757,-1.0498367249965668,-0.952177494764328,-0.9277626872062683,-0.9949034079909325,-1.0803552344441414,-1.2329477816820145,-1.580858789384365,-1.9226660951972008,-2.1607104688882828,-2.4292733520269394,-2.6673177257180214,-2.8138065710663795,-2.935880608856678,-2.9725028201937675,-2.8992583975195885,-2.710043638944626,-2.39265114068985,-1.989806815981865,-1.5320291742682457,-1.104770042002201,-0.7690664380788803,-0.5432294681668282,-0.41505172848701477,-0.38453321903944016,-0.43946653604507446,-0.6103701889514923,-0.6958220154047012,-0.6836146116256714,0.0,0.0,0.0,0.0,0.0,0.0,0.0,0.0,0.0
-0.714133121073246,-0.8178960531949997,-0.8850367739796638,-0.9033478796482086,-0.9155552834272385,-0.9094515815377235,-0.9155552834272385,-0.9643848985433578,-1.037629321217537,-1.116977445781231,-1.1597033590078354,-1.1413922533392906,-1.0559404268860817,-1.0071108117699623,-1.0498367249965668,-1.1352885514497757,-1.3000885024666786,-1.672414317727089,-2.0386364310979843,-2.2583696991205215,-2.4781029671430588,-2.6734214276075363,-2.7527695521712303,-2.76497695595026,-2.685628831386566,-2.4781029671430588,-2.1790215745568275,-1.7944883555173874,-1.3672292232513428,-0.9582811966538429,-0.6286812946200371,-0.4028443247079849,-0.27466658502817154,-0.2624591812491417,-0.36011841148138046,-0.5066072568297386,-0.6775109097361565,-0.8117923513054848,-0.8362071588635445,0.0,0.0,0.0,0.0,0.0,0.0,0.0,0.0,0.0
-0.7995849475264549,-0.8301034569740295,-0.8117923513054848,-0.7568590342998505,-0.7385479286313057,-0.7385479286313057,-0.7690664380788803,-0.8178960531949997,-0.872829370200634,-0.952177494764328,-1.0559404268860817,-1.1352885514497757,-1.1291848495602608,-1.0925626382231712,-1.110873743891716,-1.1535996571183205,-1.2329477816820145,-1.513718068599701,-1.818903163075447,-1.9226660951972008,-1.9409772008657455,-1.9714957103133202,-1.9470809027552605,-1.8372142687439919,-1.6541032120585442,-1.3916440308094025,-1.0742515325546265,-0.7385479286313057,-0.4211554303765297,-0.17090365290641785,-0.012207403779029846,0.05493331700563431,0.01831110566854477,-0.17090365290641785,-0.476088747382164,-0.7690664380788803,-0.9826960042119026,-0.9949034079909325,-0.9033478796482086,0.0,0.0,0.0,0.0,0.0,0.0,0.0,0.0,0.0
-0.9033478796482086,-0.8423108607530594,-0.7385479286313057,-0.6469924002885818,-0.6164738908410072,-0.6469924002885818,-0.714133121073246,-0.7507553324103355,-0.7507553324103355,-0.7690664380788803,-0.8667256683111191,-1.025421917438507,-1.110873743891716,-1.1230811476707458,-1.1597033590078354,-1.184118166565895,-1.1719107627868652,-1.275673694908619,-1.4526810497045517,-1.4587847515940666,-1.3000885024666786,-1.116977445781231,-0.9460737928748131,-0.7507553324103355,-0.5249183624982834,-0.2868739888072014,-0.048829615116119385,0.15259254723787308,0.29908139258623123,0.38453321903944016,0.3906369209289551,0.3112887963652611,0.11597033590078354,-0.2136295661330223,-0.5798516795039177,-0.8972441777586937,-0.9887997061014175,-0.7568590342998505,0.0,0.0,0.0,0.0,0.0,0.0,0.0,0.0,0.0,0.0
-0.9155552834272385,-0.7812738418579102,-0.634784996509552,-0.5493331700563431,-0.5493331700563431,-0.6164738908410072,-0.6897183135151863,-0.7080294191837311,-0.6591998040676117,-0.6225775927305222,-0.7019257172942162,-0.8972441777586937,-1.0498367249965668,-1.116977445781231,-1.184118166565895,-1.2268440797924995,-1.196325570344925,-1.1780144646763802,-1.2207403779029846,-1.19022186845541,-1.0498367249965668,-0.8911404758691788,-0.7202368229627609,-0.5310220643877983,-0.33570360392332077,-0.14038514345884323,0.01831110566854477,0.1342814415693283,0.19531846046447754,0.21973326802253723,0.20142216235399246,0.09765923023223877,-0.079348124563694,-0.29908139258623123,-0.46388134360313416,-0.4516739398241043,-0.20752586424350739,0.0,0.0,0.555436871945858,0.317392498254776,0.09765923023223877,-0.06103701889514923,-0.17700735479593277,-0.24414807558059692,-0.2624591812491417,-0.18921475857496262,-0.06714072078466415
-0.7873775437474251,-0.6530961021780968,-0.5371257662773132,-0.49439985305070877,-0.5127109587192535,-0.5615405738353729,-0.5920590832829475,-0.5859553813934326,-0.5310220643877983,-0.4821924492716789,-0.5432294681668282,-0.7568590342998505,-0.9643848985433578,-1.0925626382231712,-1.196325570344925,-1.263466291129589,-1.2390514835715294,-1.196325570344925,-1.196325570344925,-1.19022186845541,-1.184118166565895,-1.1780144646763802,-1.116977445781231,-1.0010071098804474,-0.8301034569740295,-0.6408886983990669,-0.46388134360313416,-0.32959990203380585,-0.25635547935962677,-0.2136295661330223,-0.19531846046447754,-0.22583696991205215,-0.24414807558059692,-0.29908139258623123,-0.27466658502817154,-0.11597033590078354,0.3112887963652611,0.5798516795039177,0.9826960042119026,1.0681478306651115,0.8239997550845146,0.5981627851724625,0.5005035549402237,0.4272591322660446,0.28077028691768646,0.08545182645320892,-0.03662221133708954,-0.01831110566854477
-0.7629627361893654,-0.6469924002885818,-0.5493331700563431,-0.4821924492716789,-0.4272591322660446,-0.3723258152604103,-0.32959990203380585,-0.32959990203380585,-0.35401470959186554,-0.37842951714992523,-0.46388134360313416,-0.6775109097361565,-0.9033478796482086,-1.0742515325546265,-1.2146366760134697,-1.3000885024666786,-1.3061922043561935,-1.3306070119142532,-1.4160588383674622,-1.5503402799367905,-1.7151402309536934,-1.8555253744125366,-1.8616290763020515,-1.7761772498488426,-1.593066193163395,-1.355021819472313,-1.0864589363336563,-0.8362071588635445,-0.6408886983990669,-0.5188146606087685,-0.4455702379345894,-0.36011841148138046,-0.23194067180156708,-0.16479995101690292,0.06714072078466415,0.17700735479593277,0.2624591812491417,0.38453321903944016,0.5920590832829475,0.79348124563694,0.8972441777586937,0.8911404758691788,0.872829370200634,0.8484145626425743,0.7629627361893654,0.5737479776144028,0.39674062281847,0.3906369209289551
-0.8545182645320892,-0.6958220154047012,-0.5127109587192535,-0.32959990203380585,-0.158696249127388,-0.030518509447574615,0.006103701889514923,-0.079348124563694,-0.238044373691082,-0.3906369209289551,-0.5432294681668282,-0.7507553324103355,-0.9460737928748131,-1.1230811476707458,-1.269569993019104,-1.355021819472313,-1.422162540256977,-1.5625476837158203,-1.745658740401268,-1.989806815981865,-2.227851189672947,-2.3621326312422752,-2.374340035021305,-2.288888208568096,-2.148503065109253,-1.9409772008657455,-1.666310615837574,-1.3306070119142532,-0.9643848985433578,-0.6469924002885818,-0.4272591322660446,-0.25635547935962677,-0.06714072078466415,0.079348124563694,0.3418073058128357,0.5005035549402237,0.5249183624982834,0.43946653604507446,0.3723258152604103,0.40894802659749985,0.5493331700563431,0.7080294191837311,0.8178960531949997,0.8545182645320892,0.9033478796482086,0.9033478796482086,0.8301034569740295,0.8117923513054848
-0.7873775437474251,-0.5310220643877983,-0.24414807558059692,0.012207403779029846,0.19531846046447754,0.2685628831386566,0.20142216235399246,-0.024414807558059692,-0.3112887963652611,-0.5493331700563431,-0.7324442267417908,-0.9155552834272385,-1.0681478306651115,-1.2207403779029846,-1.348918117582798,-1.4404736459255219,-1.5442365780472755,-1.7090365290641785,-1.9287697970867157,-2.1179845556616783,-2.2400585934519768,-2.2644734010100365,-2.2034363821148872,-2.130191959440708,-2.0813623443245888,-2.0447401329874992,-1.9531846046447754,-1.751762442290783,-1.4160588383674622,-0.9704886004328728,-0.5005035549402237,-0.10986663401126862,0.17700735479593277,0.36011841148138046,0.5127109587192535,0.6408886983990669,0.634784996509552,0.5005035549402237,0.3234962001442909,0.19531846046447754,0.17700735479593277,0.28077028691768646,0.4455702379345894,0.5920590832829475,0.7507553324103355,0.9216589853167534,1.0437330231070518,1.0742515325546265
-0.476088747382164,-0.1831110566854477,0.06103701889514923,0.21973326802253723,0.2685628831386566,0.20142216235399246,0.006103701889514923,-0.29908139258623123,-0.6103701889514923,-0.8484145626425743,-1.0193182155489922,-1.1291848495602608,-1.2329477816820145,-1.3367107138037682,-1.4160588383674622,-1.4831995591521263,-1.5686513856053352,-1.6907254233956337,-1.8005920574069023,-1.8555253744125366,-1.8555253744125366,-1.8005920574069023,-1.6968291252851486,-1.6235847026109695,-1.58696249127388,-1.6235847026109695,-1.7029328271746635,-1.7639698460698128,-1.6907254233956337,-1.4099551364779472,-0.9582811966538429,-0.40894802659749985,0.10986663401126862,0.5066072568297386,0.7202368229627609,0.79348124563694,0.714133121073246,0.5493331700563431,0.36011841148138046,0.17700735479593277,0.04272591322660446,0.006103701889514923,0.07324442267417908,0.17700735479593277,0.27466658502817154,0.38453321903944016,0.5310220643877983,0.6469924002885818
-0.238044373691082,-0.09765923023223877,-0.048829615116119385,-0.11597033590078354,-0.238044373691082,-0.39674062281847,-0.5981627851724625,-0.8301034569740295,-1.0193182155489922,-1.1597033590078354,-1.2573625892400742,-1.3061922043561935,-1.348918117582798,-1.3794366270303726,-1.3977477326989174,-1.4038514345884323,-1.4160588383674622,-1.428266242146492,-1.4038514345884323,-1.3611255213618279,-1.342814415693283,-1.348918117582798,-1.3611255213618279,-1.3733329251408577,-1.3245033100247383,-1.2573625892400742,-1.2390514835715294,-1.3061922043561935,-1.4526810497045517,-1.5320291742682457,-1.4099551364779472,-1.0559404268860817,-0.5371257662773132,0.04272591322660446,0.5432294681668282,0.8667256683111191,0.9277626872062683,0.7690664380788803,0.5310220643877983,0.2868739888072014,0.06714072078466415,-0.10376293212175369,-0.17700735479593277,-0.1831110566854477,-0.16479995101690292,-0.14038514345884323,-0.10376293212175369,-0.08545182645320892
