data/netcdf/wind7.json
{"header": { "parameterNumberName":"northward_wind", "parameterUnit":"m.s-1", "parameterNumber":3, "parameterCategory":2, "nx":85, "ny":55, "numberPoints":4675, "dx":0.0833333358168602, "dy":0.0833333358168602, "la1":40.0, "lo1":-12.0, "la2":35.5, "lo2":-5.0 }, "data":
[rows 0 to 20 of 55, columns 0 to 47 of 85]
-1.3000885024666786,-1.3245033100247383,-1.2268440797924995,-1.0132145136594772,-0.7446516305208206,-0.46388134360313416,-0.1831110566854477,0.079348124563694,0.317392498254776,0.48829615116119385,0.5859553813934326,0.6408886983990669,0.6775109097361565,0.6775109097361565,0.5859553813934326,0.40894802659749985,0.15259254723787308,-0.1342814415693283,-0.40894802659749985,-0.6408886983990669,-0.8117923513054848,-0.9094515815377235,-0.9338663890957832,-0.8850367739796638,-0.8178960531949997,-0.8972441777586937,-1.104770042002201,-1.263466291129589,-1.2390514835715294,-1.0437330231070518,-0.7080294191837311,-0.36011841148138046,-0.16479995101690292,-0.20752586424350739,-0.5371257662773132,-1.0803552344441414,-1.5503402799367905,-1.818903163075447,0.0,0.0,0.0,0.0,0.0,0.0,0.0,0.0,0.0,0.0
-1.2329477816820145,-1.2329477816820145,-1.110873743891716,-0.8911404758691788,-0.6225775927305222,-0.3418073058128357,-0.08545182645320892,0.1342814415693283,0.29908139258623123,0.4211554303765297,0.5249183624982834,0.6225775927305222,0.6897183135151863,0.6591998040676117,0.5249183624982834,0.2929776906967163,0.006103701889514923,-0.2929776906967163,-0.5798516795039177,-0.8056886494159698,-0.9643848985433578,-1.0498367249965668,-1.0620441287755966,-0.9949034079909325,-0.9277626872062683,-0.9704886004328728,-1.116977445781231,-1.2329477816820145,-1.2207403779029846,-1.0132145136594772,-0.6164738908410072,-0.25025177747011185,-0.08545182645320892,-0.20752586424350739,-0.6897183135151863,-1.2939848005771637,-1.4526810497045517,-1.1291848495602608,0.0,0.0,0.0,0.0,0.0,0.0,0.0,0.0,0.0,0.0
-1.1352885514497757,-1.0925626382231712,-0.9460737928748131,-0.7324442267417908,-0.4821924492716789,-0.24414807558059692,-0.048829615116119385,0.09765923023223877,0.238044373691082,0.40894802659749985,0.5859553813934326,0.7019257172942162,0.7019257172942162,0.5798516795039177,0.3662221133708954,0.10376293212175369,-0.19531846046447754,-0.49439985305070877,-0.7629627361893654,-0.9765923023223877,-1.110873743891716,-1.1658070608973503,-1.1535996571183205,-1.0681478306651115,-0.9887997061014175,-0.9949034079909325,-1.0925626382231712,-1.2085329741239548,-1.2207403779029846,-0.9887997061014175,-0.5493331700563431,-0.14038514345884323,0.04272591322660446,-0.1831110566854477,-0.8545182645320892,-1.6846217215061188,-2.0813623443245888,0.0,0.0,0.0,0.0,0.0,0.0,0.0,0.0,0.0,0.0,0.0
-1.0071108117699623,-0.9399700909852982,-0.7873775437474251,-0.5920590832829475,-0.3906369209289551,-0.21973326802253723,-0.09155552834272385,0.06103701889514923,0.2929776906967163,0.555436871945858,0.714133121073246,0.7080294191837311,0.5798516795039177,0.38453321903944016,0.158696249127388,-0.10376293212175369,-0.38453321903944016,-0.6653035059571266,-0.9094515815377235,-1.0864589363336563,-1.196325570344925,-1.2390514835715294,-1.196325570344925,-1.0986663401126862,-0.9949034079909325,-0.9765923023223877,-1.0620441287755966,-1.184118166565895,-1.2146366760134697,-1.0010071098804474,-0.5249183624982834,-0.024414807558059692,0.079348124563694,-0.476088747382164,-1.428266242146492,-1.9592883065342903,-1.9165623933076859,0.0,0.0,0.0,0.0,0.0,0.0,0.0,0.0,0.0,0.0,0.0
-0.8239997550845146,-0.7507553324103355,-0.634784996509552,-0.5005035549402237,-0.37842951714992523,-0.2685628831386566,-0.10376293212175369,0.158696249127388,0.476088747382164,0.6836146116256714,0.6897183135151863,0.5615405738353729,0.3906369209289551,0.21973326802253723,0.024414807558059692,-0.22583696991205215,-0.5005035549402237,-0.7629627361893654,-0.9765923023223877,-1.1291848495602608,-1.2207403779029846,-1.2390514835715294,-1.184118166565895,-1.0742515325546265,-0.9643848985433578,-0.9460737928748131,-1.037629321217537,-1.2024292722344398,-1.275673694908619,-0.9765923023223877,-0.29908139258623123,0.12817773967981339,-0.10986663401126862,-0.9826960042119026,-2.1118808537721634,-2.4353770539164543,-1.831110566854477,0.0,0.0,0.0,0.0,0.0,0.0,0.0,0.0,0.0,0.0,0.0
-0.6775109097361565,-0.6225775927305222,-0.5493331700563431,-0.48829615116119385,-0.41505172848701477,-0.2624591812491417,0.01831110566854477,0.37842951714992523,0.6225775927305222,0.6286812946200371,0.48829615116119385,0.33570360392332077,0.2136295661330223,0.079348124563694,-0.10986663401126862,-0.3418073058128357,-0.5859553813934326,-0.8056886494159698,-0.9826960042119026,-1.1230811476707458,-1.2085329741239548,-1.2207403779029846,-1.1474959552288055,-1.0193182155489922,-0.9399700909852982,-0.9704886004328728,-1.110873743891716,-1.196325570344925,-0.952177494764328,-0.3234962001442909,0.158696249127388,0.0,-0.7568590342998505,-1.7090365290641785,-2.209540084004402,-2.2644734010100365,0.0,0.0,0.0,0.0,0.0,0.0,0.0,0.0,0.0,0.0,0.0,0.0
-0.6591998040676117,-0.5920590832829475,-0.5371257662773132,-0.48829615116119385,-0.39674062281847,-0.1831110566854477,0.17090365290641785,0.48829615116119385,0.555436871945858,0.4211554303765297,0.25025177747011185,0.14038514345884323,0.06103701889514923,-0.06714072078466415,-0.25025177747011185,-0.4516739398241043,-0.6408886983990669,-0.8239997550845146,-1.0071108117699623,-1.1597033590078354,-1.2390514835715294,-1.19022186845541,-1.0559404268860817,-0.9460737928748131,-0.9155552834272385,-0.9399700909852982,-0.9155552834272385,-0.8545182645320892,-0.7568590342998505,-0.5859553813934326,-0.4272591322660446,-0.7019257172942162,-1.6785180196166039,-3.2349620014429092,-3.7598803639411926,0.0,0.0,0.0,0.0,0.0,0.0,0.0,0.0,0.0,0.0,0.0,0.0,0.0
-0.6775109097361565,-0.6103701889514923,-0.5615405738353729,-0.5127109587192535,-0.39674062281847,-0.14648884534835815,0.20142216235399246,0.4272591322660446,0.3906369209289551,0.20752586424350739,0.06714072078466415,0.0,-0.079348124563694,-0.21973326802253723,-0.3906369209289551,-0.5493331700563431,-0.6958220154047012,-0.8545182645320892,-1.025421917438507,-1.1535996571183205,-1.1658070608973503,-1.0620441287755966,-0.9460737928748131,-0.8667256683111191,-0.8301034569740295,-0.8850367739796638,-1.037629321217537,-1.2939848005771637,-1.507614366710186,-1.2146366760134697,-0.45777764171361923,-0.2929776906967163,-1.2939848005771637,-2.3316141217947006,-2.948088012635708,0.0,0.0,0.0,0.0,0.0,0.0,0.0,0.0,0.0,0.0,0.0,0.0,0.0
-0.7019257172942162,-0.6775109097361565,-0.6469924002885818,-0.5859553813934326,-0.4516739398241043,-0.20142216235399246,0.10376293212175369,0.23194067180156708,0.12207403779029846,-0.04272591322660446,-0.12817773967981339,-0.16479995101690292,-0.2624591812491417,-0.40894802659749985,-0.5188146606087685,-0.555436871945858,-0.5859553813934326,-0.6836146116256714,-0.8423108607530594,-0.9765923023223877,-1.031525619328022,-1.025421917438507,-1.0071108117699623,-0.9704886004328728,-0.9643848985433578,-1.0742515325546265,-1.2390514835715294,-1.4038514345884323,-1.501510664820671,-1.1535996571183205,-0.39674062281847,-0.4455702379345894,-0.9277626872062683,0.0,0.0,0.0,0.0,0.0,0.0,0.0,0.0,0.0,0.0,0.0,0.0,0.0,0.0,0.0
-0.6408886983990669,-0.6775109097361565,-0.6958220154047012,-0.6653035059571266,-0.5615405738353729,-0.33570360392332077,-0.08545182645320892,-0.04272591322660446,-0.1831110566854477,-0.29908139258623123,-0.3234962001442909,-0.3662221133708954,-0.48829615116119385,-0.5981627851724625,-0.555436871945858,-0.39674062281847,-0.317392498254776,-0.41505172848701477,-0.6042664870619774,-0.79348124563694,-0.9216589853167534,-0.9887997061014175,-0.9765923023223877,-0.9155552834272385,-0.9338663890957832,-1.0742515325546265,-1.2207403779029846,-1.2024292722344398,-1.037629321217537,-0.8545182645320892,-0.6897183135151863,-0.7690664380788803,0.0,0.0,0.0,0.0,0.0,0.0,0.0,0.0,0.0,0.0,0.0,0.0,0.0,0.0,0.0,0.0
-0.5249183624982834,-0.5920590832829475,-0.6591998040676117,-0.7080294191837311,-0.6591998040676117,-0.4455702379345894,-0.25635547935962677,-0.2929776906967163,-0.43336283415555954,-0.48829615116119385,-0.4821924492716789,-0.5432294681668282,-0.6897183135151863,-0.7568590342998505,-0.5981627851724625,-0.3479110077023506,-0.24414807558059692,-0.3479110077023506,-0.5371257662773132,-0.7202368229627609,-0.8484145626425743,-0.8789330720901489,-0.7995849475264549,-0.7080294191837311,-0.7446516305208206,-0.9216589853167534,-1.0620441287755966,-0.9826960042119026,-0.8056886494159698,-0.8606219664216042,-1.1535996571183205,-1.342814415693283,0.0,0.0,0.0,0.0,0.0,0.0,0.0,0.0,0.0,0.0,0.0,0.0,0.0,0.0,0.0,0.0
-0.4455702379345894,-0.5310220643877983,-0.6408886983990669,-0.7202368229627609,-0.6591998040676117,-0.476088747382164,-0.40894802659749985,-0.5188146606087685,-0.6164738908410072,-0.6042664870619774,-0.5737479776144028,-0.6653035059571266,-0.8484145626425743,-0.9399700909852982,-0.8117923513054848,-0.5798516795039177,-0.45777764171361923,-0.49439985305070877,-0.6225775927305222,-0.7690664380788803,-0.8667256683111191,-0.8239997550845146,-0.6408886983990669,-0.4821924492716789,-0.5371257662773132,-0.7507553324103355,-0.8667256683111191,-0.8178960531949997,-0.8606219664216042,-1.3183996081352234,-1.9165623933076859,-1.98370311409235,0.0,0.0,0.0,0.0,0.0,0.0,0.0,0.0,0.0,0.0,0.0,0.0,0.0,0.0,0.0,0.0
-0.3662221133708954,-0.45777764171361923,-0.5737479776144028,-0.6164738908410072,-0.5615405738353729,-0.5371257662773132,-0.6469924002885818,-0.7751701399683952,-0.7629627361893654,-0.6591998040676117,-0.6286812946200371,-0.7507553324103355,-0.952177494764328,-1.0925626382231712,-1.0803552344441414,-0.9338663890957832,-0.79348124563694,-0.7263405248522758,-0.7446516305208206,-0.8239997550845146,-0.8789330720901489,-0.7812738418579102,-0.5005035549402237,-0.27466658502817154,-0.33570360392332077,-0.5371257662773132,-0.634784996509552,-0.6836146116256714,-0.9765923023223877,-1.6113772988319397,-1.977599412202835,-1.3306070119142532,0.0,0.0,0.0,0.0,0.0,0.0,0.0,0.0,0.0,0.0,0.0,0.0,0.0,0.0,0.0,0.0
-0.29908139258623123,-0.4211554303765297,-0.5188146606087685,-0.555436871945858,-0.6042664870619774,-0.7568590342998505,-0.9216589853167534,-0.9338663890957832,-0.79348124563694,-0.6530961021780968,-0.634784996509552,-0.7507553324103355,-0.9155552834272385,-1.0498367249965668,-1.0803552344441414,-1.0193182155489922,-0.9094515815377235,-0.8056886494159698,-0.7568590342998505,-0.7751701399683952,-0.8239997550845146,-0.7446516305208206,-0.4211554303765297,-0.10986663401126862,-0.09765923023223877,-0.20752586424350739,-0.317392498254776,-0.6103701889514923,-1.2573625892400742,-1.989806815981865,-2.5025177747011185,0.0,0.0,0.0,0.0,0.0,0.0,0.0,0.0,0.0,0.0,0.0,0.0,0.0,0.0,0.0,0.0,0.0
-0.2868739888072014,-0.4455702379345894,-0.5737479776144028,-0.6775109097361565,-0.8239997550845146,-1.0010071098804474,-1.0681478306651115,-0.952177494764328,-0.7629627361893654,-0.6469924002885818,-0.6530961021780968,-0.7324442267417908,-0.8239997550845146,-0.8972441777586937,-0.9216589853167534,-0.8911404758691788,-0.8178960531949997,-0.7324442267417908,-0.6775109097361565,-0.7019257172942162,-0.7995849475264549,-0.8423108607530594,-0.7263405248522758,-0.3906369209289551,-0.19531846046447754,-0.16479995101690292,-0.32959990203380585,-0.8667256683111191,-1.666310615837574,-2.0996734499931335,-2.3255104199051857,0.0,0.0,0.0,0.0,0.0,0.0,0.0,0.0,0.0,0.0,0.0,0.0,0.0,0.0,0.0,0.0,0.0
-0.32959990203380585,-0.5371257662773132,-0.7385479286313057,-0.9216589853167534,-1.0803552344441414,-1.1597033590078354,-1.0864589363336563,-0.9033478796482086,-0.7446516305208206,-0.6836146116256714,-0.7019257172942162,-0.7263405248522758,-0.7385479286313057,-0.7507553324103355,-0.7446516305208206,-0.714133121073246,-0.6591998040676117,-0.5859553813934326,-0.5371257662773132,-0.5676442757248878,-0.6836146116256714,-0.8178960531949997,-0.9399700909852982,-0.7751701399683952,-0.5310220643877983,-0.4028443247079849,-0.555436871945858,-1.104770042002201,-1.7090365290641785,-1.7029328271746635,-1.5686513856053352,0.0,0.0,0.0,0.0,0.0,0.0,0.0,0.0,0.0,0.0,0.0,0.0,0.0,0.0,0.0,0.0,0.0
-0.4272591322660446,-0.6469924002885818,-0.8850367739796638,-1.0742515325546265,-1.1719107627868652,-1.1352885514497757,-0.9949034079909325,-0.8423108607530594,-0.7568590342998505,-0.7507553324103355,-0.7385479286313057,-0.7019257172942162,-0.6530961021780968,-0.6042664870619774,-0.555436871945858,-0.49439985305070877,-0.4211554303765297,-0.3479110077023506,-0.2929776906967163,-0.30518509447574615,-0.39674062281847,-0.5859553813934326,-0.7812738418579102,-0.9216589853167534,-0.8301034569740295,-0.7385479286313057,-0.8362071588635445,-1.2817773967981339,-1.6907254233956337,-1.4770958572626114,-0.9887997061014175,-0.8239997550845146,-0.6408886983990669,-0.7019257172942162,0.0,0.0,0.0,0.0,0.0,0.0,0.0,0.0,0.0,0.0,0.0,0.0,0.0,0.0
-0.5432294681668282,-0.7263405248522758,-0.9216589853167534,-1.0681478306651115,-1.104770042002201,-1.025421917438507,-0.8972441777586937,-0.79348124563694,-0.7446516305208206,-0.7263405248522758,-0.7080294191837311,-0.6653035059571266,-0.6042664870619774,-0.5371257662773132,-0.45777764171361923,-0.3723258152604103,-0.2868739888072014,-0.20752586424350739,-0.14038514345884323,-0.11597033590078354,-0.14648884534835815,-0.2685628831386566,-0.45777764171361923,-0.6714072078466415,-0.8606219664216042,-0.9033478796482086,-1.0437330231070518,-1.4831995591521263,-1.7822809517383575,-1.4160588383674622,-0.8117923513054848,-0.5615405738353729,-0.5981627851724625,-1.0559404268860817,0.0,0.0,0.0,0.0,0.0,0.0,0.0,0.0,0.0,0.0,0.0,0.0,0.0,0.0
-0.6469924002885818,-0.7751701399683952,-0.9094515815377235,-1.0071108117699623,-1.0193182155489922,-0.9460737928748131,-0.8423108607530594,-0.7568590342998505,-0.714133121073246,-0.6897183135151863,-0.6653035059571266,-0.6286812946200371,-0.5798516795039177,-0.5188146606087685,-0.4516739398241043,-0.3723258152604103,-0.2868739888072014,-0.20752586424350739,-0.12817773967981339,-0.08545182645320892,-0.079348124563694,-0.12817773967981339,-0.25635547935962677,-0.4028443247079849,-0.555436871945858,-0.7751701399683952,-1.1780144646763802,-1.6174810007214546,-1.6785180196166039,-1.2573625892400742,-0.7324442267417908,-0.7080294191837311,-1.0681478306651115,-1.8860438838601112,0.0,0.0,0.0,0.0,0.0,0.0,0.0,0.0,0.0,0.0,0.0,0.0,0.0,0.0
-0.6836146116256714,-0.7507553324103355,-0.8239997550845146,-0.872829370200634,-0.872829370200634,-0.8178960531949997,-0.7385479286313057,-0.6653035059571266,-0.6225775927305222,-0.6103701889514923,-0.6042664870619774,-0.5859553813934326,-0.5615405738353729,-0.5249183624982834,-0.476088747382164,-0.4272591322660446,-0.3723258152604103,-0.29908139258623123,-0.22583696991205215,-0.158696249127388,-0.12817773967981339,-0.14038514345884323,-0.20142216235399246,-0.27466658502817154,-0.30518509447574615,-0.5676442757248878,-1.0925626382231712,-1.4648884534835815,-1.5320291742682457,-1.263466291129589,-0.872829370200634,-0.8789330720901489,-1.2207403779029846,-1.3367107138037682,-1.2146366760134697,-0.9155552834272385,-1.0925626382231712,-1.2878810986876488,0.0,0.0,0.0,0.0,0.0,0.0,0.0,0.0,0.0,0.0
-0.6408886983990669,-0.6653035059571266,-0.6775109097361565,-0.6714072078466415,-0.6469924002885818,-0.5981627851724625,-0.5371257662773132,-0.4821924492716789,-0.4455702379345894,-0.43336283415555954,-0.4455702379345894,-0.4516739398241043,-0.45777764171361923,-0.46388134360313416,-0.46388134360313416,-0.4699850454926491,-0.46388134360313416,-0.43336283415555954,-0.37842951714992523,-0.3234962001442909,-0.2868739888072014,-0.2685628831386566,-0.2624591812491417,-0.25635547935962677,-0.2136295661330223,-0.3234962001442909,-0.714133121073246,-1.0803552344441414,-1.3733329251408577,-1.3122959062457085,-1.0498367249965668,-0.9460737928748131,-1.1413922533392906,-1.1535996571183205,-0.8789330720901489,-0.8484145626425743,-1.0681478306651115,-1.422162540256977,-1.58696249127388,0.0,0.0,0.0,0.0,0.0,0.0,0.0,0.0,0.0
