data/netcdf/wind7.json
{"header": { "parameterNumberName":"eastward_wind", "parameterUnit":"m.s-1", "parameterNumber":2, "parameterCategory":2, "nx":85, "ny":55, "numberPoints":4675, "dx":0.0833333358168602, "dy":0.0833333358168602, "la1":40.0, "lo1":-12.0, "la2":35.5, "lo2":-5.0 }, "data":
[rows 0 to 20 of 55, columns 0 to 47 of 85]
0.09155552834272385,0.1831110566854477,0.2624591812491417,0.30518509447574615,0.35401470959186554,0.40894802659749985,0.48829615116119385,0.5676442757248878,0.6286812946200371,0.6591998040676117,0.6653035059571266,0.6530961021780968,0.6408886983990669,0.6286812946200371,0.5981627851724625,0.5371257662773132,0.45777764171361923,0.35401470959186554,0.24414807558059692,0.12817773967981339,0.012207403779029846,-0.10986663401126862,-0.21973326802253723,-0.36011841148138046,-0.5249183624982834,-0.6103701889514923,-0.6225775927305222,-0.6164738908410072,-0.6164738908410072,-0.6469924002885818,-0.7019257172942162,-0.6958220154047012,-0.634784996509552,-0.6225775927305222,-0.714133121073246,-0.8301034569740295,-0.8362071588635445,-0.8850367739796638,0.0,0.0,0.0,0.0,0.0,0.0,0.0,0.0,0.0,0.0
-0.1342814415693283,-0.030518509447574615,0.07324442267417908,0.17090365290641785,0.2624591812491417,0.3479110077023506,0.4211554303765297,0.45777764171361923,0.4699850454926491,0.4821924492716789,0.5005035549402237,0.5310220643877983,0.5493331700563431,0.5432294681668282,0.48829615116119385,0.4028443247079849,0.29908139258623123,0.1831110566854477,0.06714072078466415,-0.04272591322660446,-0.15259254723787308,-0.25025177747011185,-0.33570360392332077,-0.4455702379345894,-0.5676442757248878,-0.6225775927305222,-0.6042664870619774,-0.5798516795039177,-0.5798516795039177,-0.6530961021780968,-0.7202368229627609,-0.6714072078466415,-0.5676442757248878,-0.5188146606087685,-0.6225775927305222,-0.8056886494159698,-0.8484145626425743,-0.8423108607530594,0.0,0.0,0.0,0.0,0.0,0.0,0.0,0.0,0.0,0.0
-0.35401470959186554,-0.22583696991205215,-0.09155552834272385,0.03662221133708954,0.14038514345884323,0.2136295661330223,0.25025177747011185,0.2624591812491417,0.2868739888072014,0.33570360392332077,0.4028443247079849,0.45777764171361923,0.46388134360313416,0.41505172848701477,0.317392498254776,0.20142216235399246,0.079348124563694,-0.030518509447574615,-0.1342814415693283,-0.23194067180156708,-0.317392498254776,-0.3906369209289551,-0.43946653604507446,-0.5127109587192535,-0.5737479776144028,-0.5859553813934326,-0.555436871945858,-0.5432294681668282,-0.5676442757248878,-0.7019257172942162,-0.7385479286313057,-0.6530961021780968,-0.5188146606087685,-0.49439985305070877,-0.6836146116256714,-0.8301034569740295,-0.8972441777586937,0.0,0.0,0.0,0.0,0.0,0.0,0.0,0.0,0.0,0.0,0.0
-0.5066072568297386,-0.35401470959186554,-0.2136295661330223,-0.09155552834272385,-0.01831110566854477,0.01831110566854477,0.03662221133708954,0.07324442267417908,0.14648884534835815,0.25025177747011185,0.3234962001442909,0.33570360392332077,0.2685628831386566,0.158696249127388,0.03662221133708954,-0.079348124563694,-0.17700735479593277,-0.2685628831386566,-0.3418073058128357,-0.40894802659749985,-0.46388134360313416,-0.5005035549402237,-0.5249183624982834,-0.555436871945858,-0.5676442757248878,-0.5615405738353729,-0.5493331700563431,-0.5615405738353729,-0.6408886983990669,-0.7202368229627609,-0.6897183135151863,-0.5737479776144028,-0.4821924492716789,-0.5920590832829475,-0.8239997550845146,-0.8850367739796638,-0.8972441777586937,0.0,0.0,0.0,0.0,0.0,0.0,0.0,0.0,0.0,0.0,0.0
-0.5310220643877983,-0.3906369209289551,-0.2685628831386566,-0.18921475857496262,-0.15259254723787308,-0.14038514345884323,-0.09155552834272385,0.0,0.10376293212175369,0.1831110566854477,0.17700735479593277,0.09155552834272385,-0.04272591322660446,-0.17700735479593277,-0.29908139258623123,-0.39674062281847,-0.4699850454926491,-0.5310220643877983,-0.5676442757248878,-0.5981627851724625,-0.6103701889514923,-0.6164738908410072,-0.6103701889514923,-0.6042664870619774,-0.5798516795039177,-0.5615405738353729,-0.5615405738353729,-0.5798516795039177,-0.5676442757248878,-0.43946653604507446,-0.3479110077023506,-0.32959990203380585,-0.4699850454926491,-0.8056886494159698,-1.0864589363336563,-0.9826960042119026,-0.9704886004328728,0.0,0.0,0.0,0.0,0.0,0.0,0.0,0.0,0.0,0.0,0.0
-0.45777764171361923,-0.36011841148138046,-0.27466658502817154,-0.21973326802253723,-0.18921475857496262,-0.15259254723787308,-0.07324442267417908,0.024414807558059692,0.08545182645320892,0.079348124563694,-0.012207403779029846,-0.16479995101690292,-0.3112887963652611,-0.43946653604507446,-0.5493331700563431,-0.6408886983990669,-0.7080294191837311,-0.7385479286313057,-0.7507553324103355,-0.7568590342998505,-0.7568590342998505,-0.7446516305208206,-0.7202368229627609,-0.6958220154047012,-0.6714072078466415,-0.6469924002885818,-0.6103701889514923,-0.6042664870619774,-0.6103701889514923,-0.5798516795039177,-0.555436871945858,-0.8484145626425743,-1.4099551364779472,-2.136295661330223,-1.8555253744125366,-1.434369944036007,0.0,0.0,0.0,0.0,0.0,0.0,0.0,0.0,0.0,0.0,0.0,0.0
-0.17090365290641785,-0.14648884534835815,-0.12207403779029846,-0.09765923023223877,-0.06714072078466415,-0.01831110566854477,0.030518509447574615,0.04272591322660446,0.01831110566854477,-0.06714072078466415,-0.2136295661330223,-0.3662221133708954,-0.49439985305070877,-0.6164738908410072,-0.7385479286313057,-0.8362071588635445,-0.8972441777586937,-0.9216589853167534,-0.9277626872062683,-0.9277626872062683,-0.9216589853167534,-0.9094515815377235,-0.8911404758691788,-0.8606219664216042,-0.8301034569740295,-0.8911404758691788,-1.0925626382231712,-1.3122959062457085,-1.4954069629311562,-1.825006864964962,-2.2705771028995514,-2.844325080513954,-3.167821280658245,-3.021332435309887,-2.8931546956300735,0.0,0.0,0.0,0.0,0.0,0.0,0.0,0.0,0.0,0.0,0.0,0.0,0.0
0.2868739888072014,0.25025177747011185,0.20142216235399246,0.16479995101690292,0.15259254723787308,0.16479995101690292,0.12207403779029846,0.024414807558059692,-0.09155552834272385,-0.238044373691082,-0.39674062281847,-0.5432294681668282,-0.6775109097361565,-0.8178960531949997,-0.9582811966538429,-1.0681478306651115,-1.1230811476707458,-1.1291848495602608,-1.110873743891716,-1.0986663401126862,-1.0803552344441414,-1.0803552344441414,-1.104770042002201,-1.1352885514497757,-1.2268440797924995,-1.3672292232513428,-1.5381328761577606,-1.825006864964962,-2.0325327292084694,-1.9226660951972008,-2.4781029671430588,-3.5340433940291405,-3.6988433450460434,-3.5584582015872,-3.320413827896118,0.0,0.0,0.0,0.0,0.0,0.0,0.0,0.0,0.0,0.0,0.0,0.0,0.0
0.4272591322660446,0.43336283415555954,0.39674062281847,0.3418073058128357,0.2929776906967163,0.25025177747011185,0.12817773967981339,-0.04272591322660446,-0.20752586424350739,-0.3662221133708954,-0.5249183624982834,-0.6775109097361565,-0.8239997550845146,-0.9826960042119026,-1.1291848495602608,-1.2207403779029846,-1.2268440797924995,-1.1658070608973503,-1.0925626382231712,-1.0498367249965668,-1.0193182155489922,-1.025421917438507,-1.0986663401126862,-1.2451551854610443,-1.3977477326989174,-1.4709921553730965,-1.4465773478150368,-1.3916440308094025,-1.3794366270303726,-0.952177494764328,-0.6836146116256714,-1.7761772498488426,-2.8809472918510437,0.0,0.0,0.0,0.0,0.0,0.0,0.0,0.0,0.0,0.0,0.0,0.0,0.0,0.0,0.0
0.19531846046447754,0.2685628831386566,0.29908139258623123,0.2868739888072014,0.25635547935962677,0.19531846046447754,0.04272591322660446,-0.14038514345884323,-0.30518509447574615,-0.45777764171361923,-0.6103701889514923,-0.7568590342998505,-0.9094515815377235,-1.0681478306651115,-1.2207403779029846,-1.3061922043561935,-1.275673694908619,-1.1535996571183205,-1.037629321217537,-0.9643848985433578,-0.9094515815377235,-0.8789330720901489,-0.8606219664216042,-0.8362071588635445,-0.8606219664216042,-0.9094515815377235,-0.8911404758691788,-0.6897183135151863,-0.43946653604507446,-0.18921475857496262,0.07324442267417908,-0.20752586424350739,0.0,0.0,0.0,0.0,0.0,0.0,0.0,0.0,0.0,0.0,0.0,0.0,0.0,0.0,0.0,0.0
-0.19531846046447754,-0.11597033590078354,-0.03662221133708954,0.012207403779029846,0.04272591322660446,0.0,-0.1342814415693283,-0.2868739888072014,-0.4272591322660446,-0.5615405738353729,-0.6897183135151863,-0.8117923513054848,-0.952177494764328,-1.116977445781231,-1.3061922043561935,-1.4709921553730965,-1.5320291742682457,-1.507614366710186,-1.434369944036007,-1.342814415693283,-1.2573625892400742,-1.1597033590078354,-1.025421917438507,-0.8117923513054848,-0.634784996509552,-0.5432294681668282,-0.48829615116119385,-0.3662221133708954,-0.17700735479593277,-0.09765923023223877,-0.20142216235399246,-0.21973326802253723,0.0,0.0,0.0,0.0,0.0,0.0,0.0,0.0,0.0,0.0,0.0,0.0,0.0,0.0,0.0,0.0
-0.37842951714992523,-0.3662221133708954,-0.32959990203380585,-0.25635547935962677,-0.19531846046447754,-0.22583696991205215,-0.3234962001442909,-0.4455702379345894,-0.5615405738353729,-0.6591998040676117,-0.7446516305208206,-0.8301034569740295,-0.9216589853167534,-1.0498367249965668,-1.263466291129589,-1.5381328761577606,-1.7822809517383575,-1.9409772008657455,-1.9653920084238052,-1.904354989528656,-1.8066957592964172,-1.6968291252851486,-1.5503402799367905,-1.3061922043561935,-1.037629321217537,-0.7812738418579102,-0.5371257662773132,-0.317392498254776,-0.17700735479593277,-0.23194067180156708,-0.5066072568297386,-0.4028443247079849,0.0,0.0,0.0,0.0,0.0,0.0,0.0,0.0,0.0,0.0,0.0,0.0,0.0,0.0,0.0,0.0
-0.2929776906967163,-0.3112887963652611,-0.32959990203380585,-0.3234962001442909,-0.3234962001442909,-0.38453321903944016,-0.49439985305070877,-0.6042664870619774,-0.6897183135151863,-0.7507553324103355,-0.79348124563694,-0.8239997550845146,-0.8362071588635445,-0.8545182645320892,-0.9338663890957832,-1.104770042002201,-1.3245033100247383,-1.507614366710186,-1.58696249127388,-1.5686513856053352,-1.4893032610416412,-1.4038514345884323,-1.3733329251408577,-1.3183996081352234,-1.1597033590078354,-0.9216589853167534,-0.6286812946200371,-0.3662221133708954,-0.25025177747011185,-0.2929776906967163,-0.36011841148138046,-0.3662221133708954,0.0,0.0,0.0,0.0,0.0,0.0,0.0,0.0,0.0,0.0,0.0,0.0,0.0,0.0,0.0,0.0
-0.23194067180156708,-0.24414807558059692,-0.2929776906967163,-0.3723258152604103,-0.476088747382164,-0.6042664870619774,-0.7202368229627609,-0.79348124563694,-0.8423108607530594,-0.8667256683111191,-0.8850367739796638,-0.8789330720901489,-0.8362071588635445,-0.7385479286313057,-0.6469924002885818,-0.5981627851724625,-0.5981627851724625,-0.6286812946200371,-0.6469924002885818,-0.6469924002885818,-0.6103701889514923,-0.6042664870619774,-0.7568590342998505,-0.9460737928748131,-0.9338663890957832,-0.8178960531949997,-0.6897183135151863,-0.6591998040676117,-0.8178960531949997,-0.9643848985433578,-0.7751701399683952,0.0,0.0,0.0,0.0,0.0,0.0,0.0,0.0,0.0,0.0,0.0,0.0,0.0,0.0,0.0,0.0,0.0
-0.41505172848701477,-0.43336283415555954,-0.5127109587192535,-0.6469924002885818,-0.79348124563694,-0.9155552834272385,-0.9765923023223877,-0.9949034079909325,-1.0071108117699623,-1.0193182155489922,-1.0498367249965668,-1.0559404268860817,-1.0010071098804474,-0.872829370200634,-0.6897183135151863,-0.5066072568297386,-0.3418073058128357,-0.20752586424350739,-0.09765923023223877,-0.006103701889514923,0.07324442267417908,0.09155552834272385,-0.16479995101690292,-0.6103701889514923,-0.8423108607530594,-0.8789330720901489,-0.9338663890957832,-1.0925626382231712,-1.4404736459255219,-1.6296884045004845,-1.275673694908619,0.0,0.0,0.0,0.0,0.0,0.0,0.0,0.0,0.0,0.0,0.0,0.0,0.0,0.0,0.0,0.0,0.0
-0.7324442267417908,-0.7751701399683952,-0.8606219664216042,-0.9826960042119026,-1.0864589363336563,-1.1291848495602608,-1.1230811476707458,-1.104770042002201,-1.0986663401126862,-1.1230811476707458,-1.1597033590078354,-1.1780144646763802,-1.1535996571183205,-1.0681478306651115,-0.9338663890957832,-0.7690664380788803,-0.5981627851724625,-0.43336283415555954,-0.27466658502817154,-0.12207403779029846,0.048829615116119385,0.21973326802253723,0.2624591812491417,-0.030518509447574615,-0.3723258152604103,-0.5920590832829475,-0.7385479286313057,-0.8362071588635445,-0.9582811966538429,-0.9643848985433578,-0.5188146606087685,0.0,0.0,0.0,0.0,0.0,0.0,0.0,0.0,0.0,0.0,0.0,0.0,0.0,0.0,0.0,0.0,0.0
-0.9949034079909325,-1.037629321217537,-1.0742515325546265,-1.1230811476707458,-1.1413922533392906,-1.110873743891716,-1.0620441287755966,-1.025421917438507,-1.037629321217537,-1.0742515325546265,-1.0864589363336563,-1.0925626382231712,-1.0681478306651115,-1.0193182155489922,-0.9460737928748131,-0.8484145626425743,-0.7324442267417908,-0.6103701889514923,-0.48829615116119385,-0.36011841148138046,-0.20142216235399246,-0.006103701889514923,0.22583696991205215,0.2685628831386566,0.20142216235399246,0.030518509447574615,-0.17700735479593277,-0.20142216235399246,-0.09765923023223877,0.0,0.048829615116119385,0.079348124563694,-0.16479995101690292,-0.09155552834272385,0.0,0.0,0.0,0.0,0.0,0.0,0.0,0.0,0.0,0.0,0.0,0.0,0.0,0.0
-1.0742515325546265,-1.1230811476707458,-1.110873743891716,-1.0559404268860817,-0.9704886004328728,-0.8850367739796638,-0.7995849475264549,-0.7324442267417908,-0.6958220154047012,-0.6897183135151863,-0.6897183135151863,-0.6836146116256714,-0.6714072078466415,-0.6591998040676117,-0.634784996509552,-0.5981627851724625,-0.5615405738353729,-0.5188146606087685,-0.46388134360313416,-0.4028443247079849,-0.3112887963652611,-0.16479995101690292,0.04272591322660446,0.2136295661330223,0.2685628831386566,0.30518509447574615,0.17700735479593277,0.08545182645320892,0.17700735479593277,0.28077028691768646,0.36011841148138046,0.3479110077023506,0.079348124563694,0.08545182645320892,0.0,0.0,0.0,0.0,0.0,0.0,0.0,0.0,0.0,0.0,0.0,0.0,0.0,0.0
-0.9338663890957832,-0.9949034079909325,-0.9765923023223877,-0.8850367739796638,-0.7507553324103355,-0.6225775927305222,-0.5127109587192535,-0.4272591322660446,-0.33570360392332077,-0.25025177747011185,-0.17090365290641785,-0.10986663401126862,-0.07324442267417908,-0.06103701889514923,-0.06714072078466415,-0.08545182645320892,-0.12207403779029846,-0.158696249127388,-0.19531846046447754,-0.23194067180156708,-0.25635547935962677,-0.238044373691082,-0.1342814415693283,0.030518509447574615,0.158696249127388,0.20752586424350739,0.2929776906967163,0.25025177747011185,0.29908139258623123,0.4211554303765297,0.48829615116119385,0.43336283415555954,0.2685628831386566,0.3906369209289551,0.0,0.0,0.0,0.0,0.0,0.0,0.0,0.0,0.0,0.0,0.0,0.0,0.0,0.0
-0.8606219664216042,-0.8667256683111191,-0.8301034569740295,-0.7385479286313057,-0.6042664870619774,-0.46388134360313416,-0.3418073058128357,-0.238044373691082,-0.14038514345884323,-0.03662221133708954,0.07324442267417908,0.17700735479593277,0.2624591812491417,0.3234962001442909,0.35401470959186554,0.3479110077023506,0.30518509447574615,0.23194067180156708,0.15259254723787308,0.06714072078466415,-0.030518509447574615,-0.14038514345884323,-0.20142216235399246,-0.15259254723787308,-0.07324442267417908,-0.01831110566854477,0.20752586424350739,0.4028443247079849,0.555436871945858,0.7263405248522758,0.7202368229627609,0.6042664870619774,0.5127109587192535,0.6164738908410072,0.7202368229627609,0.6103701889514923,0.8606219664216042,0.8423108607530594,0.0,0.0,0.0,0.0,0.0,0.0,0.0,0.0,0.0,0.0
-1.0010071098804474,-0.952177494764328,-0.8850367739796638,-0.7873775437474251,-0.6591998040676117,-0.5127109587192535,-0.38453321903944016,-0.2624591812491417,-0.158696249127388,-0.05493331700563431,0.048829615116119385,0.15259254723787308,0.25635547935962677,0.3479110077023506,0.41505172848701477,0.4516739398241043,0.4516739398241043,0.40894802659749985,0.3418073058128357,0.25635547935962677,0.158696249127388,0.024414807558059692,-0.10986663401126862,-0.17090365290641785,-0.19531846046447754,-0.238044373691082,-0.12207403779029846,0.2685628831386566,0.6225775927305222,0.8545182645320892,0.9155552834272385,0.8667256683111191,0.7995849475264549,0.8178960531949997,0.6164738908410072,0.3234962001442909,0.3479110077023506,0.41505172848701477,0.4028443247079849,0.0,0.0,0.0,0.0,0.0,0.0,0.0,0.0,0.0
