data/wind_old.json
{"header": {"parameterNumberName":"northward_wind","parameterUnit":"m.s-1","parameterNumber":3,"parameterCategory":2,"nx":55,"ny":85,"numberPoints":4675,"dx":6.545454545454546,"dy":2.1176470588235294,"la1":35.5,"lo1":-12.0,"la2":40.0,"lo2":-5.0,"refTime":"2017-02-01 23:00:00"}, "data":
[rows 0 to 22 of 85, columns 0 to 49 of 55]
0.024414807558059692,0.02624591812491417,0.0238044373691082,0.01831110566854477,0.010986663401126862,0.0030518509447574615,-0.005493331700563431,-0.012817773967981339,-0.01831110566854477,-0.02075258642435074,-0.02136295661330223,-0.019531846046447754,-0.015259254723787308,-0.008545182645320892,0.0,0.008545182645320892,0.015259254723787308,0.014648884534835815,0.0012207403779029846,-0.021973326802253723,-0.048829615116119385,-0.07629627361893654,-0.10254219174385071,-0.12451551854610443,-0.13367107138037682,-0.12451551854610443,-0.09643848985433578,-0.05310220643877983,-0.0030518509447574615,0.03234962001442909,0.04211554303765297,0.03723258152604103,0.0317392498254776,0.028077028691768646,0.019531846046447754,0.006714072078466415,-0.0079348124563694,-0.025025177747011185,-0.05005035549402237,-0.08423108607530594,-0.11597033590078354,-0.1348918117582798,-0.13855403289198875,-0.13061922043561935,-0.11047700420022011,-0.079348124563694,-0.0476088747382164,-0.02624591812491417,-0.017090365290641785,-0.012207403779029846
0.05737479776144028,0.06591998040676117,0.0714133121073246,0.06714072078466415,0.0476088747382164,0.019531846046447754,-0.009155552834272385,-0.03784295171499252,-0.06897183135151863,-0.10193182155489922,-0.1263466291129589,-0.13855403289198875,-0.14404736459255219,-0.13245033100247383,-0.08178960531949997,-0.020142216235399246,-0.001831110566854477,-0.01831110566854477,-32767.0,-32767.0,-32767.0,-32767.0,-32767.0,-32767.0,-32767.0,-32767.0,-32767.0,-32767.0,-0.10864589363336563,-0.2215643785893917,0.017700735479593277,0.019531846046447754,0.017700735479593277,0.012817773967981339,0.006103701889514923,-0.0024414807558059692,-0.011597033590078354,-0.019531846046447754,-0.02624591812491417,-0.030518509447574615,-0.03234962001442909,-0.032959990203380585,-0.031128879636526108,-0.02624591812491417,-0.01831110566854477,-0.0079348124563694,0.0012207403779029846,0.004272591322660446,-0.003662221133708954,-0.022583696991205215
-0.1110873743891716,-0.08484145626425743,-0.046388134360313416,0.004272591322660446,0.051271095871925354,0.07202368229627609,0.06836146116256714,0.054322946816682816,0.040894802659749985,0.028077028691768646,0.014038514345884323,-0.0006103701889514923,-0.01831110566854477,-0.043336283415555954,-0.07690664380788803,-0.10742515325546265,-0.12390514835715294,-0.1269569993019104,-0.12146366760134697,-0.10559404268860817,-0.08056886494159698,-0.05249183624982834,-0.0317392498254776,-0.02075258642435074,-0.014648884534835815,-0.005493331700563431,0.010986663401126862,0.031128879636526108,0.0476088747382164,0.05737479776144028,0.062257759273052216,0.06530961021780968,0.06775109097361565,0.06408886983990669,0.051271095871925354,0.031128879636526108,0.006103701889514923,-0.0238044373691082,-0.059205908328294754,-0.09216589853167534,-0.10681478306651115,-0.10132145136594772,-0.10193182155489922,-0.12451551854610443,-0.13733329251408577,-0.09704886004328728,-0.03357036039233208,-0.010986663401126862,-32767.0,-32767.0
-32767.0,-32767.0,-0.08667256683111191,-0.19287697970867157,-0.21729178726673126,0.0006103701889514923,0.0006103701889514923,-0.0024414807558059692,-0.008545182645320892,-0.016479995101690292,-0.025635547935962677,-0.03479110077023506,-0.043336283415555954,-0.048829615116119385,-0.05005035549402237,-0.04699850454926491,-0.040894802659749985,-0.032959990203380585,-0.025025177747011185,-0.017700735479593277,-0.012207403779029846,-0.008545182645320892,-0.009155552834272385,-0.017090365290641785,-0.0317392498254776,-0.051881466060876846,-0.07385479286313057,-0.09155552834272385,-0.09949034079909325,-0.09399700909852982,-0.07751701399683952,-0.05798516795039177,-0.03479110077023506,0.004272591322660446,0.05615405738353729,0.09277626872062683,0.09887997061014175,0.08362071588635445,0.062257759273052216,0.040894802659749985,0.02136295661330223,0.0048829615116119385,-0.010986663401126862,-0.03479110077023506,-0.06653035059571266,-0.0952177494764328,-0.1110873743891716,-0.11658070608973503,-0.11352885514497757,-0.10132145136594772
-0.0079348124563694,0.004272591322660446,0.021973326802253723,0.04150517284870148,0.056764427572488785,0.06408886983990669,0.06591998040676117,0.06469924002885818,0.059816278517246246,0.048829615116119385,0.032959990203380585,0.008545182645320892,-0.024414807558059692,-0.062257759273052216,-0.08911404758691788,-0.08056886494159698,-0.05005035549402237,-0.03723258152604103,-0.06408886983990669,-0.11597033590078354,-0.13916440308094025,-0.09338663890957832,-0.040894802659749985,-0.05615405738353729,-32767.0,-32767.0,-32767.0,-32767.0,-32767.0,-32767.0,-32767.0,-0.08117923513054848,-0.20752586424350739,-0.1898251287639141,-0.06897183135151863,-0.017090365290641785,-0.020142216235399246,-0.025025177747011185,-0.030518509447574615,-0.036011841148138046,-0.04150517284870148,-0.046388134360313416,-0.05066072568297386,-0.0555436871945858,-0.059816278517246246,-0.06408886983990669,-0.06469924002885818,-0.05859553813934326,-0.046388134360313416,-0.0317392498254776
-0.04211554303765297,-0.05310220643877983,-0.059816278517246246,-0.05859553813934326,-0.04943998530507088,-0.03723258152604103,-0.030518509447574615,-0.02624591812491417,-0.005493331700563431,0.04150517284870148,0.09155552834272385,0.11413922533392906,0.10681478306651115,0.08423108607530594,0.056764427572488785,0.031128879636526108,0.012207403779029846,-0.0030518509447574615,-0.025025177747011185,-0.05493331700563431,-0.08301034569740295,-0.10193182155489922,-0.11047700420022011,-0.10986663401126862,-0.09949034079909325,-0.08117923513054848,-0.059205908328294754,-0.038453321903944016,-0.023194067180156708,-0.01342814415693283,-0.007324442267417908,0.0006103701889514923,0.012817773967981339,0.02929776906967163,0.04516739398241043,0.05615405738353729,0.06103701889514923,0.06042664870619774,0.05310220643877983,0.04150517284870148,0.024414807558059692,-0.003662221133708954,-0.04150517284870148,-0.07385479286313057,-0.08239997550845146,-0.05005035549402237,-0.004272591322660446,0.015259254723787308,0.008545182645320892,-0.02624591812491417
-32767.0,-32767.0,-32767.0,-32767.0,-32767.0,-0.06286812946200371,-0.12085329741239548,-0.18066957592964172,-0.04211554303765297,0.16174810007214546,-0.028077028691768646,-0.029908139258623123,-0.032959990203380585,-0.035401470959186554,-0.03723258152604103,-0.03662221133708954,-0.03479110077023506,-0.03234962001442909,-0.030518509447574615,-0.03234962001442909,-0.03906369209289551,-0.048829615116119385,-0.056764427572488785,-0.05798516795039177,-0.05249183624982834,-0.04455702379345894,-0.03784295171499252,-0.035401470959186554,-0.035401470959186554,-0.03723258152604103,-0.038453321903944016,-0.038453321903944016,-0.035401470959186554,-0.028077028691768646,-0.0158696249127388,-0.006714072078466415,-0.007324442267417908,-0.015259254723787308,-0.010986663401126862,0.0238044373691082,0.07690664380788803,0.11230811476707458,0.11658070608973503,0.09887997061014175,0.0714133121073246,0.04211554303765297,0.02075258642435074,0.005493331700563431,-0.015259254723787308,-0.04455702379345894
-0.08117923513054848,-0.06042664870619774,-0.040894802659749985,-0.024414807558059692,-0.012207403779029846,-0.003662221133708954,0.0030518509447574615,0.011597033590078354,0.022583696991205215,0.03418073058128357,0.043336283415555954,0.0476088747382164,0.04699850454926491,0.038453321903944016,0.0238044373691082,0.005493331700563431,-0.023194067180156708,-0.0634784996509552,-0.09094515815377235,-0.07568590342998505,-0.023194067180156708,0.01831110566854477,0.031128879636526108,0.043336283415555954,0.0555436871945858,0.05005035549402237,0.03906369209289551,0.027466658502817154,0.0030518509447574615,0.04577776417136192,0.048829615116119385,-32767.0,-32767.0,-32767.0,-32767.0,-0.031128879636526108,-0.1580858789384365,-0.14770958572626114,0.08423108607530594,0.33692434430122375,-0.05615405738353729,-0.054322946816682816,-0.054322946816682816,-0.0555436871945858,-0.0555436871945858,-0.05310220643877983,-0.048829615116119385,-0.04211554303765297,-0.035401470959186554,-0.031128879636526108
-0.05615405738353729,-0.05737479776144028,-0.05737479776144028,-0.05615405738353729,-0.05249183624982834,-0.046388134360313416,-0.03662221133708954,-0.024414807558059692,-0.009765923023223877,0.0048829615116119385,0.014038514345884323,0.010986663401126862,-0.001831110566854477,-0.007324442267417908,0.014038514345884323,0.059816278517246246,0.10071108117699623,0.11535996571183205,0.10559404268860817,0.08117923513054848,0.05371257662773132,0.0317392498254776,0.017090365290641785,-0.003662221133708954,-0.035401470959186554,-0.07324442267417908,-0.10437330231070518,-0.119022186845541,-0.11474959552288055,-0.09765923023223877,-0.07690664380788803,-0.05798516795039177,-0.040894802659749985,-0.02685628831386566,-0.015259254723787308,-0.0048829615116119385,0.004272591322660446,0.012817773967981339,0.02136295661330223,0.027466658502817154,0.031128879636526108,0.031128879636526108,0.028077028691768646,0.019531846046447754,0.006714072078466415,-0.006714072078466415,-0.022583696991205215,-0.051271095871925354,-0.08362071588635445,-0.08667256683111191
0.08301034569740295,0.09704886004328728,0.10925626382231712,0.11047700420022011,0.07446516305208206,0.006714072078466415,-0.024414807558059692,-0.015259254723787308,0.05615405738353729,0.1263466291129589,0.046388134360313416,-0.054322946816682816,-0.10498367249965668,0.03723258152604103,0.31373027712106705,-0.062257759273052216,-0.06286812946200371,-0.06408886983990669,-0.06530961021780968,-0.06530961021780968,-0.0634784996509552,-0.059205908328294754,-0.05310220643877983,-0.04577776417136192,-0.040894802659749985,-0.03906369209289551,-0.04211554303765297,-0.04821924492716789,-0.0555436871945858,-0.06286812946200371,-0.06775109097361565,-0.07019257172942162,-0.06836146116256714,-0.0634784996509552,-0.0555436871945858,-0.04455702379345894,-0.031128879636526108,-0.014648884534835815,0.004272591322660446,0.022583696991205215,0.03418073058128357,0.0317392498254776,0.017090365290641785,0.0048829615116119385,0.01342814415693283,0.04516739398241043,0.08301034569740295,0.10437330231070518,0.1031525619328022,0.08667256683111191
-0.08178960531949997,-0.11841181665658951,-0.12939848005771637,-0.11597033590078354,-0.09155552834272385,-0.06836146116256714,-0.05066072568297386,-0.03723258152604103,-0.02685628831386566,-0.01831110566854477,-0.009155552834272385,0.0,0.009155552834272385,0.0158696249127388,0.019531846046447754,0.019531846046447754,0.017700735479593277,0.014648884534835815,0.009155552834272385,0.001831110566854477,-0.0030518509447574615,-0.0048829615116119385,-0.014648884534835815,-0.04699850454926491,-0.08789330720901489,-0.09765923023223877,-0.06469924002885818,-0.0238044373691082,0.008545182645320892,0.02685628831386566,0.03479110077023506,0.05798516795039177,0.09094515815377235,0.040894802659749985,-0.08301034569740295,-0.22522659972310066,-0.07751701399683952,0.007324442267417908,0.15442365780472755,0.30701620504260063,0.21301919594407082,0.17212439328432083,0.1269569993019104,0.07202368229627609,0.17212439328432083,-0.06286812946200371,-0.06042664870619774,-0.059205908328294754,-0.059816278517246246,-0.06286812946200371
-0.05371257662773132,-0.05615405738353729,-0.062257759273052216,-0.07019257172942162,-0.07629627361893654,-0.079348124563694,-0.07812738418579102,-0.07446516305208206,-0.06958220154047012,-0.06286812946200371,-0.05310220643877983,-0.03723258152604103,-0.015259254723787308,0.01037629321217537,0.035401470959186554,0.051271095871925354,0.051881466060876846,0.03784295171499252,0.021973326802253723,0.02075258642435074,0.039674062281847,0.06897183135151863,0.09033478796482086,0.0952177494764328,0.08606219664216042,0.0714133121073246,0.05859553813934326,0.04211554303765297,0.0079348124563694,-0.04577776417136192,-0.10010071098804474,-0.13367107138037682,-0.13367107138037682,-0.10986663401126862,-0.08117923513054848,-0.05737479776144028,-0.04211554303765297,-0.031128879636526108,-0.0238044373691082,-0.017700735479593277,-0.01037629321217537,-0.0024414807558059692,0.005493331700563431,0.011597033590078354,0.014038514345884323,0.012207403779029846,0.008545182645320892,0.004272591322660446,0.0006103701889514923,0.0
-0.10803552344441414,-0.09155552834272385,-0.04943998530507088,-0.012207403779029846,0.0024414807558059692,0.012817773967981339,0.046388134360313416,0.07751701399683952,0.043946653604507446,-0.04028443247079849,-0.16418958082795143,-32767.0,-32767.0,-32767.0,0.17761772498488426,0.3094576857984066,0.34607989713549614,0.3564561903476715,0.3076265752315521,0.2545243687927723,-0.056764427572488785,-0.05371257662773132,-0.05371257662773132,-0.056764427572488785,-0.0634784996509552,-0.06958220154047012,-0.07202368229627609,-0.07080294191837311,-0.06775109097361565,-0.06469924002885818,-0.06530961021780968,-0.07019257172942162,-0.07812738418579102,-0.08545182645320892,-0.08789330720901489,-0.0872829370200634,-0.08484145626425743,-0.08362071588635445,-0.08239997550845146,-0.07873775437474251,-0.06897183135151863,-0.04943998530507088,-0.02075258642435074,0.011597033590078354,0.04211554303765297,0.06286812946200371,0.06591998040676117,0.05310220643877983,0.03662221133708954,0.030518509447574615
0.07812738418579102,0.06714072078466415,0.043336283415555954,-0.003662221133708954,-0.06469924002885818,-0.11658070608973503,-0.13855403289198875,-0.1263466291129589,-0.09704886004328728,-0.06897183135151863,-0.0476088747382164,-0.03418073058128357,-0.025025177747011185,-0.01892147585749626,-0.014648884534835815,-0.008545182645320892,-0.0012207403779029846,0.006714072078466415,0.012207403779029846,0.012817773967981339,0.008545182645320892,0.0024414807558059692,-0.004272591322660446,-0.0079348124563694,-0.007324442267417908,-0.0024414807558059692,0.003662221133708954,0.0030518509447574615,-0.019531846046447754,-0.06164738908410072,-0.09338663890957832,-0.09338663890957832,-0.06042664870619774,-0.009765923023223877,0.0238044373691082,0.024414807558059692,0.021973326802253723,0.03662221133708954,0.05493331700563431,-32767.0,-32767.0,-32767.0,-32767.0,-32767.0,0.21057771518826485,0.16296884045004845,0.15686513856053352,0.2948088012635708,0.3491317480802536,0.3192236088216305
-0.07751701399683952,-0.08301034569740295,-0.08239997550845146,-0.07812738418579102,-0.07446516305208206,-0.07507553324103355,-0.08056886494159698,-0.0872829370200634,-0.09033478796482086,-0.08911404758691788,-0.08606219664216042,-0.08545182645320892,-0.0872829370200634,-0.09094515815377235,-0.09094515815377235,-0.08117923513054848,-0.05737479776144028,-0.022583696991205215,0.015259254723787308,0.04821924492716789,0.07019257172942162,0.07446516305208206,0.062257759273052216,0.04577776417136192,0.03723258152604103,0.04150517284870148,0.05737479776144028,0.07446516305208206,0.08484145626425743,0.08667256683111191,0.08178960531949997,0.06469924002885818,0.027466658502817154,-0.029908139258623123,-0.08789330720901489,-0.12451551854610443,-0.1263466291129589,-0.1031525619328022,-0.07385479286313057,-0.051271095871925354,-0.035401470959186554,-0.024414807558059692,-0.017090365290641785,-0.012817773967981339,-0.01037629321217537,-0.005493331700563431,0.003662221133708954,0.01342814415693283,0.01831110566854477,0.014648884534835815
-0.014648884534835815,-0.008545182645320892,-0.008545182645320892,-0.025025177747011185,-0.051881466060876846,-0.07202368229627609,-0.07873775437474251,-0.05737479776144028,-0.0048829615116119385,0.03723258152604103,0.02685628831386566,0.028077028691768646,-32767.0,-32767.0,-32767.0,-32767.0,-32767.0,-32767.0,-32767.0,-32767.0,0.028077028691768646,-0.0024414807558059692,0.12878810986876488,0.21607104688882828,0.23194067180156708,-0.03418073058128357,-0.035401470959186554,-0.043946653604507446,-0.059205908328294754,-0.07629627361893654,-0.09033478796482086,-0.09826960042119026,-0.09949034079909325,-0.09277626872062683,-0.08423108607530594,-0.079348124563694,-0.08117923513054848,-0.08545182645320892,-0.08606219664216042,-0.08423108607530594,-0.08484145626425743,-0.09094515815377235,-0.09887997061014175,-0.1031525619328022,-0.10010071098804474,-0.08667256683111191,-0.059205908328294754,-0.01892147585749626,0.023194067180156708,0.05615405738353729
0.04150517284870148,0.05615405738353729,0.07385479286313057,0.08423108607530594,0.08423108607530594,0.07019257172942162,0.03906369209289551,-0.009155552834272385,-0.06286812946200371,-0.10193182155489922,-0.1110873743891716,-0.09399700909852982,-0.06591998040676117,-0.04272591322660446,-0.028077028691768646,-0.01892147585749626,-0.012207403779029846,-0.0079348124563694,-0.008545182645320892,-0.01037629321217537,-0.0079348124563694,0.001831110566854477,0.01342814415693283,0.01892147585749626,0.01037629321217537,-0.009155552834272385,-0.031128879636526108,-0.04455702379345894,-0.04455702379345894,-0.03479110077023506,-0.025635547935962677,-0.020142216235399246,-0.02136295661330223,-0.03723258152604103,-0.05615405738353729,-0.06958220154047012,-0.07446516305208206,-0.051881466060876846,-0.0006103701889514923,0.03418073058128357,0.02929776906967163,-32767.0,-32767.0,-32767.0,-32767.0,-32767.0,-32767.0,-32767.0,-32767.0,-32767.0
-0.009765923023223877,-0.01892147585749626,-0.032959990203380585,-0.05310220643877983,-0.07385479286313057,-0.09155552834272385,-0.10437330231070518,-0.10864589363336563,-0.10193182155489922,-0.08850367739796638,-0.07751701399683952,-0.07690664380788803,-0.08239997550845146,-0.08606219664216042,-0.08850367739796638,-0.09460737928748131,-0.10559404268860817,-0.11474959552288055,-0.11535996571183205,-0.10254219174385071,-0.07873775437474251,-0.0476088747382164,-0.006714072078466415,0.03479110077023506,0.06408886983990669,0.07690664380788803,0.07446516305208206,0.059816278517246246,0.04516739398241043,0.04028443247079849,0.0476088747382164,0.06286812946200371,0.07385479286313057,0.07446516305208206,0.06042664870619774,0.032959990203380585,-0.007324442267417908,-0.05005035549402237,-0.08301034569740295,-0.09338663890957832,-0.079348124563694,-0.05249183624982834,-0.027466658502817154,-0.011597033590078354,-0.005493331700563431,-0.0012207403779029846,0.0012207403779029846,0.0012207403779029846,-0.004272591322660446,-0.011597033590078354
-0.022583696991205215,-0.04455702379345894,-0.05859553813934326,-0.059205908328294754,-0.04821924492716789,-0.03784295171499252,-0.02929776906967163,-0.028077028691768646,-0.043946653604507446,-0.06653035059571266,-0.07751701399683952,-0.07202368229627609,-0.03906369209289551,0.0024414807558059692,0.020142216235399246,-32767.0,-32767.0,-32767.0,-32767.0,-32767.0,-32767.0,-32767.0,-32767.0,-32767.0,-32767.0,-32767.0,-32767.0,0.04272591322660446,0.03234962001442909,0.05371257662773132,0.008545182645320892,0.007324442267417908,-0.01037629321217537,-0.03418073058128357,-0.059205908328294754,-0.08117923513054848,-0.09704886004328728,-0.10437330231070518,-0.10132145136594772,-0.08667256683111191,-0.07263405248522758,-0.07263405248522758,-0.08362071588635445,-0.09216589853167534,-0.09704886004328728,-0.10437330231070518,-0.11719107627868652,-0.12817773967981339,-0.1275673694908619,-0.10742515325546265
0.06836146116256714,0.0634784996509552,0.05249183624982834,0.046388134360313416,0.048829615116119385,0.05615405738353729,0.062257759273052216,0.05859553813934326,0.04150517284870148,0.014648884534835815,-0.017090365290641785,-0.04699850454926491,-0.07019257172942162,-0.079348124563694,-0.06897183135151863,-0.04516739398241043,-0.019531846046447754,0.0,0.008545182645320892,0.01037629321217537,0.011597033590078354,0.012817773967981339,0.011597033590078354,0.003662221133708954,-0.006714072078466415,-0.014038514345884323,-0.014648884534835815,-0.009765923023223877,-0.0079348124563694,-0.0158696249127388,-0.03357036039233208,-0.05371257662773132,-0.06836146116256714,-0.07202368229627609,-0.06469924002885818,-0.054322946816682816,-0.04211554303765297,-0.036011841148138046,-0.048829615116119385,-0.07629627361893654,-0.08545182645320892,-0.06286812946200371,-0.0158696249127388,0.011597033590078354,0.017700735479593277,-32767.0,-32767.0,-32767.0,-32767.0,-32767.0
-32767.0,-32767.0,-32767.0,0.03906369209289551,0.04943998530507088,-0.009765923023223877,0.012207403779029846,0.010986663401126862,-0.009155552834272385,-0.036011841148138046,-0.06042664870619774,-0.07751701399683952,-0.08667256683111191,-0.08789330720901489,-0.079348124563694,-0.06530961021780968,-0.06530961021780968,-0.07995849475264549,-0.09399700909852982,-0.10010071098804474,-0.10437330231070518,-0.11597033590078354,-0.13000885024666786,-0.13306070119142532,-0.11352885514497757,-0.06897183135151863,-0.020142216235399246,0.016479995101690292,0.04211554303765297,0.05737479776144028,0.06103701889514923,0.05798516795039177,0.054322946816682816,0.05249183624982834,0.05310220643877983,0.051881466060876846,0.04150517284870148,0.020142216235399246,-0.0079348124563694,-0.03479110077023506,-0.0555436871945858,-0.06653035059571266,-0.06714072078466415,-0.056764427572488785,-0.03662221133708954,-0.01342814415693283,0.006103701889514923,0.016479995101690292,0.017700735479593277,0.0158696249127388
-0.0006103701889514923,-0.006714072078466415,-0.009765923023223877,-0.015259254723787308,-0.02624591812491417,-0.04150517284870148,-0.05615405738353729,-0.06714072078466415,-0.07263405248522758,-0.07202368229627609,-0.06897183135151863,-0.06103701889514923,-0.05371257662773132,-0.05798516795039177,-0.07385479286313057,-0.07690664380788803,-0.05310220643877983,-0.009155552834272385,0.0006103701889514923,0.01342814415693283,-32767.0,-32767.0,-32767.0,-32767.0,-32767.0,-32767.0,-32767.0,-32767.0,-32767.0,-32767.0,-32767.0,-32767.0,-32767.0,-32767.0,-32767.0,-0.04516739398241043,-0.017090365290641785,-0.0006103701889514923,-0.0024414807558059692,-0.017090365290641785,-0.035401470959186554,-0.04821924492716789,-0.0555436871945858,-0.06164738908410072,-0.0634784996509552,-0.05615405738353729,-0.05310220643877983,-0.06836146116256714,-0.08667256683111191,-0.09460737928748131
-0.07995849475264549,-0.027466658502817154,0.014648884534835815,0.039674062281847,0.05310220643877983,0.05737479776144028,0.056764427572488785,0.054322946816682816,0.04943998530507088,0.038453321903944016,0.01831110566854477,-0.01037629321217537,-0.039674062281847,-0.06469924002885818,-0.08301034569740295,-0.08606219664216042,-0.07080294191837311,-0.04577776417136192,-0.023194067180156708,-0.004272591322660446,0.010986663401126862,0.017700735479593277,0.0158696249127388,0.01037629321217537,0.004272591322660446,0.0,0.001831110566854477,0.012817773967981339,0.025025177747011185,0.027466658502817154,0.02136295661330223,0.012817773967981339,0.0006103701889514923,-0.016479995101690292,-0.03479110077023506,-0.04699850454926491,-0.05066072568297386,-0.05005035549402237,-0.05310220643877983,-0.06042664870619774,-0.07080294191837311,-0.07690664380788803,-0.07385479286313057,-0.06530961021780968,-0.06164738908410072,-0.05249183624982834,-0.04211554303765297,-0.012817773967981339,-0.010986663401126862,-32767.0
