data/wind.json
{"header": {"parameterNumberName":"eastward_wind", "parameterUnit":"m.s-1", "parameterNumber":2, "parameterCategory":2, "nx":55, "ny":85, "numberPoints":4675, "dx":0.083, "dy":0.083, "la1":40, "lo1":-12.0, "la2":40.0, "lo2":-5.0, "refTime":"2017-02-01 23:00:00"}, "data":
[rows 0 to 31 of 85, columns 0 to 54 of 55]
0,0,0,0,0,0,0,0,0,0,0,0,0,0,0,0,0,0,0,0,0,0,0,0,0,0,0,0,0,0,0,0,0,0,0,0,0,0,0,0,0,0,0,0,0,0,0,0,0,0,0,0,0,0,0
0,0,0,0,0,0,0,0,0,0,0,0,0,0,0,0,0,0,0,0,0,0,0,0,0,0,0,0,0,0,0,0,0,0,0,0,0,0,0,0,0,0,0,0,0,0,0,0,0,0,0,0,0,0,0
0,0,0,0,0,0,0,0,0,0,0,0,0,0,0,0,0,0,0,0,0,0,0,0,0,0,0,0,0,0,0,0,0,0,0,0,0,0,0,0,0,0,0,0,0,0,0,0,0,0,0,0,0,0,0
0,0,0,0,0,0,0,0,0,0,0,0,0,0,0,0,0,0,0,0,0,0,0,0,0,0,0,0,0,0,0,0,0,0,0,0,0,0,0,0,0,0,0,0,0,0,0,0,0,0,0,0,0,0,0
0,0,0,0,0,0,0,0,0,0,0,0,0,0,0,0,0,0,0,0,0,0,0,0,0,0,0,0,0,0,0,0,0,0,0,0,0,0,0,0,0,0,0,0,0,0,0,0,0,0,0,0,0,0,0
0,0,0,0,0,0,0,0,0,0,0,0,0,0,0,0,0,0,0,0,0,0,0,0,0,0,0,0,0,0,0,0,0,0,0,0,0,0,0,0,0,0,0,0,0,0,0,0,0,0,0,0,0,0,0
0,0,0,0,0,0,0,0,0,0,0,0,0,0,0,0,0,0,0,0,0,0,0,0,0,0,0,0,0,0,0,0,0,0,0,0,0,0,0,0,0,0,0,0,0,0,0,0,0,0,0,0,0,0,0
0,0,0,0,0,0,0,0,0,0,0,0,0,0,0,0,0,0,0,0,0,0,0,0,0,0,0,0,0,0,0,0,0,0,0,-1.0071108117699623,-5.6764427572488785,-6.591998040676117,-10.284737683832645,-15.747550874948502,4.425183869898319,4.699850454926491,4.8829615116119385,4.974517039954662,5.005035549402237,5.0355540588498116,5.096591077744961,5.15762809664011,5.218665115535259,5.15762809664011,5.005035549402237,4.6388134360313416,4.028443247079849,3.326517529785633,2.929776906967163
2.929776906967163,3.265480510890484,3.6927396431565285,4.0894802659749985,4.36414685100317,4.394665360450745,4.2420728132128716,3.875850699841976,3.3570360392332077,2.6551103219389915,1.8616290763020515,1.0986663401126862,0.5798516795039177,0.27466658502817154,0.1831110566854477,0.5798516795039177,1.342814415693283,1.8921475857496262,2.0142216235399246,1.831110566854477,1.5564439818263054,1.0986663401126862,0.45777764171361923,0.15259254723787308,-0.06103701889514923,0.09155552834272385,0.7324442267417908,1.342814415693283,1.6174810007214546,1.58696249127388,1.3733329251408577,1.1291848495602608,1.0071108117699623,1.0071108117699623,1.0681478306651115,1.1597033590078354,1.2207403779029846,1.2207403779029846,1.2817773967981339,1.4648884534835815,1.8616290763020515,2.4109622463583946,3.1434064731001854,3.906369209289551,4.516739398241043,4.730368964374065,4.577776417136192,3.6011841148138046,2.0142216235399246,1.1597033590078354,2.0447401329874992,4.974517039954662,7.232886739075184,8.33155307918787,9.9795525893569
13.275551609694958,14.496291987597942,13.336588628590107,14.069032855331898,14.954069629311562,16.693624667823315,20.203253254294395,21.332438103854656,17.761772498488426,22.309030406177044,16.72414317727089,3.6317026242613792,-3.2959990203380585,-6.34784996509552,-6.591998040676117,-0.9460737928748131,-1.1597033590078354,-1.342814415693283,-1.5259254723787308,-1.6479995101690292,-1.6479995101690292,-1.4954069629311562,-1.3122959062457085,-1.0986663401126862,-0.9155552834272385,-0.8239997550845146,-0.8850367739796638,-0.8850367739796638,-0.6408886983990669,-0.06103701889514923,0.7019257172942162,1.434369944036007,2.0447401329874992,2.5025177747011185,2.868739888072014,3.1434064731001854,3.326517529785633,3.326517529785633,3.0518509447574615,2.533036284148693,1.8005920574069023,1.037629321217537,0.45777764171361923,-0.030518509447574615,-0.3662221133708954,-0.27466658502817154,0.33570360392332077,0.9765923023223877,1.3733329251408577,1.4038514345884323,1.2512588873505592,0.7629627361893654,0.12207403779029846,-0.12207403779029846,-0.12207403779029846
0.6714072078466415,1.6785180196166039,2.2583696991205215,2.3194067180156708,2.075258642435074,1.7090365290641785,1.3733329251408577,1.1291848495602608,1.037629321217537,1.037629321217537,1.0986663401126862,1.1597033590078354,1.2207403779029846,1.342814415693283,1.58696249127388,1.9226660951972008,2.3194067180156708,2.685628831386566,2.868739888072014,2.77718435972929,2.38044373691082,1.6479995101690292,0.5798516795039177,-0.3662221133708954,-0.8850367739796638,-0.33570360392332077,1.58696249127388,3.723258152604103,5.584887228906155,7.110812701284885,8.636738173663616,9.06399730592966,10.040589608252048,12.176885269582272,16.022217459976673,24.59791861474514,29.541917145252228,29.145176522433758,25.51347389817238,33.356730826199055,30.762657523155212,21.576586179435253,13.306070119142532,7.629627361893654,5.890072323381901,-4.852443002164364,-4.974517039954662,-5.188146606087685,-5.462813191115856,-5.645924247801304,-5.645924247801304,-5.523850210011005,-5.310220643877983,-5.005035549402237,-4.6388134360313416
-4.150517284870148,-3.4485915675759315,-2.471999265253544,-1.342814415693283,-0.24414807558059692,0.5493331700563431,0.9765923023223877,1.1597033590078354,1.3122959062457085,1.5259254723787308,1.8921475857496262,2.2583696991205215,2.471999265253544,2.3499252274632454,1.98370311409235,1.4038514345884323,0.7324442267417908,0.15259254723787308,-0.3662221133708954,-0.8239997550845146,-0.9460737928748131,-0.6103701889514923,-0.06103701889514923,0.39674062281847,0.5798516795039177,0.45777764171361923,-0.030518509447574615,-0.48829615116119385,-0.45777764171361923,0.24414807558059692,1.5564439818263054,2.4109622463583946,2.4109622463583946,1.8921475857496262,1.342814415693283,0.8545182645320892,0.45777764171361923,0.1831110566854477,0.0,-0.15259254723787308,-0.24414807558059692,-0.33570360392332077,-0.39674062281847,-0.4272591322660446,-0.45777764171361923,-0.5188146606087685,-0.5493331700563431,-0.5188146606087685,-0.39674062281847,-0.30518509447574615,-0.27466658502817154,-0.27466658502817154,-0.39674062281847,-0.5798516795039177,-1.2207403779029846
-1.8921475857496262,-1.8921475857496262,-1.2207403779029846,-0.79348124563694,-0.7019257172942162,-0.5188146606087685,-0.4272591322660446,1.4954069629311562,4.36414685100317,11.627552099525928,20.813623443245888,0,0,0,9.796441532671452,18.799401819705963,25.635547935962677,25.33036284148693,21.668141707777977,18.76888331025839,-6.256294436752796,-6.530961021780968,-6.8666646257042885,-7.019257172942162,-6.958220154047012,-6.683553569018841,-6.256294436752796,-5.737479776144028,-5.188146606087685,-4.547257907688618,-3.8453321903944016,-3.021332435309887,-2.1668141707777977,-1.4648884534835815,-1.1597033590078354,-1.2512588873505592,-1.4954069629311562,-1.58696249127388,-1.3122959062457085,-0.7324442267417908,0.0,0.6103701889514923,0.9460737928748131,0.9765923023223877,0.7019257172942162,0.24414807558059692,-0.24414807558059692,-0.7019257172942162,-1.19022186845541,-1.6479995101690292,-1.8616290763020515,-1.6785180196166039,-1.2817773967981339,-0.8850367739796638,-0.7019257172942162
-0.8545182645320892,-1.1597033590078354,-1.0681478306651115,-0.24414807558059692,1.2817773967981339,2.38044373691082,2.2583696991205215,1.342814415693283,0.30518509447574615,-0.45777764171361923,-0.9765923023223877,-1.342814415693283,-1.6479995101690292,-1.9226660951972008,-2.136295661330223,-2.3194067180156708,-2.533036284148693,-2.8382213786244392,-3.1434064731001854,-3.418073058128357,-3.479110077023506,-3.17392498254776,-2.624591812491417,-2.075258642435074,-1.6785180196166039,-1.3733329251408577,-1.0986663401126862,-0.7629627361893654,-0.5493331700563431,-1.0681478306651115,-2.227851189672947,-3.112887963652611,-3.2349620014429092,-3.57066560536623,-4.0894802659749985,-4.211554303765297,-3.418073058128357,-0.8239997550845146,2.136295661330223,0,0,0,0,0,1.1597033590078354,7.446516305208206,13.733329251408577,19.37925349920988,23.07199314236641,24.567400105297565,-6.591998040676117,-6.927701644599438,-7.080294191837311,-7.019257172942162,-6.74459058791399
-6.34784996509552,-5.859553813934326,-5.249183624982834,-4.6388134360313416,-4.150517284870148,-3.7842951714992523,-3.57066560536623,-3.4485915675759315,-3.6011841148138046,-3.9368877187371254,-4.150517284870148,-3.9979247376322746,-3.479110077023506,-2.685628831386566,-1.8005920574069023,-1.037629321217537,-0.6103701889514923,-0.6103701889514923,-0.79348124563694,-1.1291848495602608,-1.5259254723787308,-1.8616290763020515,-2.1057771518826485,-2.4109622463583946,-2.7161473408341408,-2.8077028691768646,-2.7161473408341408,-2.5025177747011185,-2.3194067180156708,-2.2583696991205215,-2.2583696991205215,-1.8921475857496262,-0.7629627361893654,1.037629321217537,2.533036284148693,2.624591812491417,1.5259254723787308,0.030518509447574615,-1.2512588873505592,-2.1057771518826485,-2.7161473408341408,-3.1434064731001854,-3.509628586471081,-3.7537766620516777,-3.906369209289551,-3.9674062281847,-4.058961756527424,-4.2420728132128716,-4.425183869898319,-4.425183869898319,-4.119998775422573,-3.509628586471081,-2.8992583975195885,-2.471999265253544,-2.227851189672947
-2.0142216235399246,-1.739555038511753,-1.3733329251408577,-1.0681478306651115,-1.2207403779029846,-1.8005920574069023,-2.2583696991205215,-2.3499252274632454,-2.9602954164147377,-3.2959990203380585,-3.6317026242613792,-3.6317026242613792,0,0,0,0,0,0,0,0,0.5493331700563431,0.030518509447574615,5.096591077744961,12.207403779029846,17.85332802683115,-5.371257662773132,-6.012146361172199,-6.286812946200371,-6.439405493438244,-6.561479531228542,-6.561479531228542,-6.439405493438244,-6.0731833800673485,-5.645924247801304,-5.401776172220707,-5.371257662773132,-5.4322946816682816,-5.584887228906155,-5.6764427572488785,-5.615405738353729,-5.127109587192535,-4.425183869898319,-3.5401470959186554,-2.6551103219389915,-1.9226660951972008,-1.58696249127388,-1.6785180196166039,-2.227851189672947,-2.7161473408341408,-3.112887963652611,-3.3875545486807823,-3.509628586471081,-3.5401470959186554,-3.6011841148138046,-3.6011841148138046
-3.6011841148138046,-3.6927396431565285,-3.7842951714992523,-3.8453321903944016,-3.6317026242613792,-2.868739888072014,-1.3733329251408577,0.7629627361893654,2.7466658502817154,3.3875545486807823,2.5940733030438423,1.037629321217537,-0.6714072078466415,-2.0447401329874992,-3.021332435309887,-3.7537766620516777,-4.333628341555595,-4.730368964374065,-4.974517039954662,-4.974517039954662,-4.821924492716789,-4.669331945478916,-4.547257907688618,-4.425183869898319,-4.181035794317722,-3.8453321903944016,-3.418073058128357,-2.9908139258623123,-2.624591812491417,-2.3194067180156708,-2.0142216235399246,-1.7090365290641785,-1.4954069629311562,-1.3733329251408577,-1.3122959062457085,-1.3122959062457085,-1.2817773967981339,-1.6785180196166039,-2.868739888072014,-3.2349620014429092,-3.326517529785633,0,0,0,0,0,0,0,0,0,0,-2.5025177747011185,-1.4954069629311562,1.831110566854477,5.95110934227705
-3.2044434919953346,-3.9979247376322746,-4.76088747382164,-5.371257662773132,-5.981627851724625,-6.530961021780968,-6.8666646257042885,-6.8666646257042885,-6.714072078466415,-6.622516550123692,-6.591998040676117,-6.622516550123692,-6.591998040676117,-6.378368474543095,-5.920590832829475,-5.310220643877983,-4.608294926583767,-3.7842951714992523,-3.021332435309887,-2.533036284148693,-2.5635547935962677,-2.9908139258623123,-3.814813680946827,-4.455702379345894,-4.730368964374065,-4.852443002164364,-4.76088747382164,-4.516739398241043,-4.303109832108021,-4.181035794317722,-4.4862208887934685,-5.005035549402237,-5.2797021344304085,-4.8829615116119385,-3.6317026242613792,-1.6479995101690292,0.79348124563694,3.082369454205036,4.0894802659749985,3.6011841148138046,2.1973326802253723,0.48829615116119385,-1.1597033590078354,-2.471999265253544,-3.418073058128357,-4.150517284870148,-4.730368964374065,-5.15762809664011,-5.401776172220707,-5.4322946816682816,-5.2797021344304085,-5.0355540588498116,-4.730368964374065,-4.425183869898319,-4.028443247079849
-3.662221133708954,-3.265480510890484,-2.8382213786244392,-2.3499252274632454,-1.8616290763020515,-1.342814415693283,-0.8545182645320892,-0.6103701889514923,-0.5798516795039177,-0.5798516795039177,-0.39674062281847,-0.39674062281847,-1.2207403779029846,-2.1057771518826485,-2.9908139258623123,0,0,0,0,0,0,0,0,0,0,0,0,-2.3499252274632454,-2.4414807558059692,-1.3122959062457085,-1.6174810007214546,-1.8616290763020515,-2.5940733030438423,-3.418073058128357,-4.272591322660446,-5.096591077744961,-5.767998285591602,-6.256294436752796,-6.500442512333393,-6.683553569018841,-6.805627606809139,-6.8666646257042885,-6.8666646257042885,-6.653035059571266,-6.34784996509552,-6.012146361172199,-5.615405738353729,-5.188146606087685,-4.608294926583767,-4.272591322660446,-4.36414685100317,-4.791405983269215,-5.493331700563431,-6.042664870619774,-6.134220398962498
-5.920590832829475,-5.462813191115856,-5.096591077744961,-5.096591077744961,-5.645924247801304,-6.408886983990669,-6.530961021780968,-5.523850210011005,-3.57066560536623,-0.9765923023223877,1.6785180196166039,3.7842951714992523,4.577776417136192,3.9674062281847,2.7161473408341408,1.2512588873505592,-0.2136295661330223,-1.434369944036007,-2.227851189672947,-2.7161473408341408,-3.112887963652611,-3.418073058128357,-3.723258152604103,-3.9979247376322746,-4.303109832108021,-4.4862208887934685,-4.516739398241043,-4.333628341555595,-3.9674062281847,-3.418073058128357,-2.868739888072014,-2.4414807558059692,-2.1668141707777977,-1.9531846046447754,-1.6785180196166039,-1.2512588873505592,-0.6103701889514923,-0.06103701889514923,0.15259254723787308,0.30518509447574615,0.48829615116119385,0.15259254723787308,-0.9460737928748131,-1.4038514345884323,-1.8921475857496262,0,0,0,0,0,0,0,0,0,0
0,0,0,-1.7700735479593277,-1.8005920574069023,-1.19022186845541,-0.48829615116119385,-0.24414807558059692,-0.5798516795039177,-1.19022186845541,-1.98370311409235,-2.9908139258623123,-4.150517284870148,-5.096591077744961,-5.798516795039177,-6.286812946200371,-6.530961021780968,-6.74459058791399,-6.897183135151863,-6.988738663494587,-7.019257172942162,-7.080294191837311,-7.14133121073246,-7.019257172942162,-6.805627606809139,-6.714072078466415,-6.74459058791399,-6.805627606809139,-6.8666646257042885,-6.622516550123692,-6.286812946200371,-6.195257417857647,-6.530961021780968,-7.2634052485227585,-7.6601458713412285,-7.049775682389736,-5.2797021344304085,-2.685628831386566,0.2136295661330223,2.7161473408341408,4.333628341555595,4.6388134360313416,3.8453321903944016,2.6551103219389915,1.434369944036007,0.33570360392332077,-0.5188146606087685,-0.8850367739796638,-0.9155552834272385,-0.8239997550845146,-0.7019257172942162,-0.5188146606087685,-0.4272591322660446,-0.5798516795039177,-1.037629321217537
-1.6174810007214546,-2.136295661330223,-2.3194067180156708,-2.1057771518826485,-1.6174810007214546,-1.19022186845541,-1.0071108117699623,-1.1597033590078354,-1.4954069629311562,-1.7700735479593277,-1.6785180196166039,-0.9765923023223877,-0.06103701889514923,0.6103701889514923,0.9460737928748131,0.5798516795039177,-0.48829615116119385,-1.3733329251408577,-1.5259254723787308,-1.4954069629311562,0,0,0,0,0,0,0,0,0,0,0,0,0,0,0,-2.38044373691082,-0.9155552834272385,0.30518509447574615,1.0986663401126862,1.342814415693283,1.0071108117699623,0.030518509447574615,-1.4954069629311562,-3.0518509447574615,-4.2420728132128716,-5.096591077744961,-5.645924247801304,-6.164738908410072,-6.683553569018841,-7.080294191837311,-7.415997795760632,-7.843256928026676,-8.453627116978168,-9.002960287034512,-9.277626872062683
-9.277626872062683,-9.002960287034512,-8.484145626425743,-8.117923513054848,-7.9348124563694,-8.117923513054848,-8.514664135873318,-8.819849230349064,-8.453627116978168,-7.049775682389736,-4.791405983269215,-2.0447401329874992,0.5493331700563431,2.533036284148693,3.6011841148138046,3.9674062281847,3.57066560536623,2.7466658502817154,1.8005920574069023,0.8850367739796638,0.2136295661330223,0.030518509447574615,0.3662221133708954,0.8850367739796638,1.3733329251408577,1.9226660951972008,2.6551103219389915,3.2349620014429092,3.326517529785633,2.9908139258623123,2.471999265253544,1.831110566854477,1.2817773967981339,1.037629321217537,1.0681478306651115,1.0986663401126862,0.9155552834272385,0.3662221133708954,-0.48829615116119385,-1.2817773967981339,-1.5564439818263054,-1.0986663401126862,-0.09155552834272385,0.79348124563694,0.79348124563694,-0.24414807558059692,-1.1597033590078354,-1.3733329251408577,-1.4954069629311562,0,0,0,0,0,0
0,0,0,0,0,0,0,0,0,0,-3.9368877187371254,-2.6551103219389915,-1.2207403779029846,0.06103701889514923,0.9765923023223877,1.342814415693283,1.0071108117699623,-0.12207403779029846,-1.5564439818263054,-2.7466658502817154,-3.662221133708954,-4.577776417136192,-5.340739153325558,-6.103701889514923,-6.74459058791399,-7.202368229627609,-7.721182890236378,-8.545182645320892,-9.643848985433578,-10.589922778308392,-11.200292967259884,-11.322367005050182,-11.017181910574436,-10.65095979720354,-10.406811721622944,-10.223700664937496,-9.765923023223877,-8.758812211453915,-7.080294191837311,-4.852443002164364,-2.5025177747011185,-0.5493331700563431,0.8850367739796638,1.8005920574069023,2.5635547935962677,3.2044434919953346,3.17392498254776,2.5025177747011185,1.6174810007214546,0.9765923023223877,0.8850367739796638,1.4038514345884323,2.227851189672947,2.9602954164147377,3.7537766620516777
4.608294926583767,5.218665115535259,5.371257662773132,5.493331700563431,5.890072323381901,6.164738908410072,5.95110934227705,5.4322946816682816,4.852443002164364,4.272591322660446,3.6317026242613792,2.8077028691768646,1.739555038511753,0.5798516795039177,-0.48829615116119385,-1.1291848495602608,-1.1291848495602608,-0.6103701889514923,-0.33570360392332077,-0.5798516795039177,-1.19022186845541,-1.434369944036007,-1.4038514345884323,0,0,0,0,0,0,0,0,0,0,0,0,0,0,0,0,0,-4.272591322660446,-3.479110077023506,-2.5635547935962677,-1.6479995101690292,-0.79348124563694,-0.15259254723787308,0.030518509447574615,-0.39674062281847,-1.19022186845541,-1.9531846046447754,-2.7161473408341408,-3.7537766620516777,-4.730368964374065,-5.615405738353729,-6.34784996509552
-6.775109097361565,-7.110812701284885,-7.812738418579102,-8.72829370200634,-9.949034079909325,-11.139255948364735,-11.810663156211376,-11.871700175106525,-11.44444104284048,-10.742515325546265,-9.704886004328728,-8.33155307918787,-6.653035059571266,-4.821924492716789,-3.2349620014429092,-2.136295661330223,-1.2817773967981339,-0.33570360392332077,0.39674062281847,1.7090365290641785,2.5025177747011185,2.624591812491417,2.1973326802253723,1.8616290763020515,2.0447401329874992,2.7466658502817154,3.5401470959186554,4.0894802659749985,4.272591322660446,4.516739398241043,4.516739398241043,4.150517284870148,4.058961756527424,4.852443002164364,5.95110934227705,6.500442512333393,6.775109097361565,6.988738663494587,6.622516550123692,5.706961266696453,4.4862208887934685,3.2349620014429092,2.1057771518826485,1.19022186845541,0.4272591322660446,-0.2136295661330223,-0.48829615116119385,-0.7019257172942162,-1.0986663401126862,-1.342814415693283,-1.4954069629311562,-1.4954069629311562,-1.434369944036007,0,0
0,0,0,0,0,0,0,0,0,0,0,0,0,0,0,-3.814813680946827,-3.2349620014429092,-2.7466658502817154,-2.4109622463583946,-2.136295661330223,-1.8616290763020515,-1.6479995101690292,-1.6479995101690292,-1.7700735479593277,-1.8921475857496262,-2.3194067180156708,-3.3875545486807823,-4.516739398241043,-5.371257662773132,-6.0731833800673485,-6.500442512333393,-6.530961021780968,-6.653035059571266,-7.080294191837311,-7.751701399683952,-8.575701154768467,-9.277626872062683,-9.308145381510258,-8.880886249244213,-7.965330965816975,-6.775109097361565,-5.4322946816682816,-4.181035794317722,-3.2044434919953346,-2.5940733030438423,-2.227851189672947,-1.8005920574069023,-1.1597033590078354,-0.8239997550845146,0.33570360392332077,0.8850367739796638,1.3122959062457085,1.9226660951972008,2.9602954164147377,3.9674062281847
4.4862208887934685,4.455702379345894,4.36414685100317,4.2420728132128716,3.814813680946827,2.868739888072014,1.98370311409235,1.9531846046447754,2.5635547935962677,3.2044434919953346,3.3570360392332077,3.875850699841976,4.852443002164364,5.218665115535259,4.821924492716789,4.150517284870148,3.3570360392332077,2.6551103219389915,2.3194067180156708,2.075258642435074,1.7090365290641785,1.434369944036007,0.9460737928748131,0.1831110566854477,-0.33570360392332077,-0.8545182645320892,-1.2512588873505592,-1.3122959062457085,0,0,0,0,0,0,0,0,0,0,0,0,0,0,0,0,0,-3.9368877187371254,-3.265480510890484,-2.685628831386566,-2.471999265253544,-2.5635547935962677,-2.8077028691768646,-2.9602954164147377,-2.929776906967163,-2.6551103219389915,-2.4109622463583946
-2.7161473408341408,-3.7842951714992523,-4.821924492716789,-5.462813191115856,-5.981627851724625,-6.317331455647945,-6.195257417857647,-5.981627851724625,-5.981627851724625,-5.95110934227705,-5.920590832829475,-5.890072323381901,-5.584887228906155,-5.005035549402237,-4.150517284870148,-3.2044434919953346,-2.3194067180156708,-1.6479995101690292,-1.2817773967981339,-1.0681478306651115,-0.9765923023223877,-1.1291848495602608,-1.2207403779029846,-1.4954069629311562,-1.3733329251408577,-0.5798516795039177,1.5564439818263054,2.8992583975195885,4.913480021059513,5.340739153325558,4.119998775422573,2.9908139258623123,2.5025177747011185,2.136295661330223,1.4038514345884323,0.4272591322660446,-0.1831110566854477,-0.09155552834272385,0.39674062281847,0.30518509447574615,-0.30518509447574615,-0.09155552834272385,0.9155552834272385,1.8616290763020515,2.77718435972929,3.3570360392332077,3.2959990203380585,3.021332435309887,3.1434064731001854,3.2959990203380585,3.326517529785633,3.265480510890484,2.533036284148693,1.4038514345884323,0.27466658502817154
-0.4272591322660446,-0.79348124563694,0,0,0,0,0,0,0,0,0,0,0,0,0,0,0,0,0,0,-4.577776417136192,-3.906369209289551,-3.17392498254776,-2.7466658502817154,-2.7466658502817154,-3.082369454205036,-3.4485915675759315,-3.5401470959186554,-3.2959990203380585,-3.112887963652611,-3.509628586471081,-4.4862208887934685,-5.249183624982834,-5.584887228906155,-5.920590832829475,-6.134220398962498,-5.981627851724625,-5.890072323381901,-6.103701889514923,-5.95110934227705,-5.249183624982834,-4.455702379345894,-3.6011841148138046,-2.6551103219389915,-1.6785180196166039,-0.7019257172942162,0.09155552834272385,0.6714072078466415,0.9765923023223877,1.0986663401126862,1.0071108117699623,0.48829615116119385,-0.39674062281847,-1.4954069629311562,-2.3194067180156708
-2.2583696991205215,-1.037629321217537,0,0,2.77718435972929,1.58696249127388,0.48829615116119385,-0.30518509447574615,-0.8850367739796638,-1.2207403779029846,-1.3122959062457085,-0.9460737928748131,-0.33570360392332077,0,0,0,-0.48829615116119385,-0.5493331700563431,-0.45777764171361923,-0.2136295661330223,0.030518509447574615,0.15259254723787308,0.5493331700563431,1.1291848495602608,1.342814415693283,1.58696249127388,1.6785180196166039,1.6479995101690292,1.7090365290641785,0,0,0,0,0,0,0,0,0,0,0,0,0,0,0,0,0,0,0,0,0,-4.516739398241043,-4.211554303765297,-3.6927396431565285,-3.2349620014429092,-3.082369454205036
-3.2349620014429092,-3.57066560536623,-3.7537766620516777,-3.7537766620516777,-3.8453321903944016,-4.333628341555595,-5.127109587192535,-5.55436871945858,-5.615405738353729,-5.798516795039177,-5.920590832829475,-5.859553813934326,-6.378368474543095,-7.2634052485227585,-7.293923757970333,-6.500442512333393,-5.584887228906155,-4.730368964374065,-3.7537766620516777,-2.624591812491417,-1.434369944036007,-0.24414807558059692,0.7629627361893654,1.4954069629311562,1.9226660951972008,1.9531846046447754,1.5564439818263054,0.5798516795039177,-1.0681478306651115,-2.8992583975195885,-4.4862208887934685,-4.943998530507088,-3.7842951714992523,0,0,0,0,0,0,0,0,0,0,0,0,0,0,0,0,-1.1291848495602608,-1.3733329251408577,-1.4038514345884323,-1.0681478306651115,-0.8545182645320892,-0.6714072078466415
