data/wind_old.json
{"header": {"parameterNumberName":"eastward_wind","parameterUnit":"m.s-1","parameterNumber":2,"parameterCategory":2,"nx":55,"ny":85,"numberPoints":4675,"dx":6.545454545454546,"dy":2.1176470588235294,"la1":35.5,"lo1":-12.0,"la2":40.0,"lo2":-5.0,"refTime":"2017-02-01 23:00:00"}, "data":
[rows 0 to 21 of 85, columns 0 to 50 of 55]
-0.07019257172942162,-0.07080294191837311,-0.06775109097361565,-0.06103701889514923,-0.051271095871925354,-0.039674062281847,-0.025025177747011185,-0.0079348124563694,0.012207403779029846,0.03418073058128357,0.05737479776144028,0.08117923513054848,0.10254219174385071,0.12085329741239548,0.1348918117582798,0.14465773478150368,0.14831995591521263,0.14709921553730965,0.14404736459255219,0.13794366270303726,0.12939848005771637,0.12268440797924995,0.12146366760134697,0.12512588873505592,0.12878810986876488,0.1263466291129589,0.12207403779029846,0.11658070608973503,0.10742515325546265,0.09399700909852982,0.07446516305208206,0.05249183624982834,0.03357036039233208,0.019531846046447754,0.01037629321217537,0.003662221133708954,-0.0012207403779029846,-0.005493331700563431,-0.009765923023223877,-0.006714072078466415,-0.005493331700563431,-0.012207403779029846,-0.0238044373691082,-0.03418073058128357,-0.040894802659749985,-0.04272591322660446,-0.039674062281847,-0.03418073058128357,-0.02929776906967163,-0.027466658502817154,-0.027466658502817154
-0.04028443247079849,-0.038453321903944016,-0.03418073058128357,-0.029908139258623123,-0.02868739888072014,-0.03479110077023506,-0.046388134360313416,-0.05798516795039177,-0.06653035059571266,-0.07263405248522758,-0.08117923513054848,-0.10437330231070518,-0.13672292232513428,-0.15381328761577606,-0.13672292232513428,-0.09704886004328728,-0.0952177494764328,-0.10376293212175369,-32767.0,-32767.0,-32767.0,-32767.0,-32767.0,-32767.0,-32767.0,-32767.0,-32767.0,-32767.0,0.04577776417136192,0.19592883065342903,-0.1269569993019104,-0.11719107627868652,-0.10376293212175369,-0.08911404758691788,-0.07263405248522758,-0.0555436871945858,-0.03784295171499252,-0.02075258642435074,-0.0024414807558059692,0.0158696249127388,0.03479110077023506,0.05371257662773132,0.07080294191837311,0.08484145626425743,0.09826960042119026,0.1110873743891716,0.12390514835715294,0.13672292232513428,0.14893032610416412,0.158696249127388,0.16479995101690292
0.14893032610416412,0.12878810986876488,0.11658070608973503,0.10925626382231712,0.10193182155489922,0.09033478796482086,0.07080294191837311,0.05005035549402237,0.032959990203380585,0.021973326802253723,0.0158696249127388,0.012207403779029846,0.006714072078466415,0.0012207403779029846,0.0024414807558059692,-0.0006103701889514923,-0.011597033590078354,-0.025025177747011185,-0.036011841148138046,-0.043946653604507446,-0.0476088747382164,-0.04577776417136192,-0.04211554303765297,-0.03906369209289551,-0.038453321903944016,-0.03723258152604103,-0.036011841148138046,-0.032959990203380585,-0.031128879636526108,-0.031128879636526108,-0.0317392498254776,-0.02929776906967163,-0.024414807558059692,-0.017700735479593277,-0.012207403779029846,-0.012817773967981339,-0.016479995101690292,-0.019531846046447754,-0.020142216235399246,-0.02136295661330223,-0.029908139258623123,-0.059205908328294754,-0.10498367249965668,-0.14160588383674622,-0.15198217704892159,-0.1275673694908619,-0.12085329741239548,-0.12146366760134697,-32767.0,-32767.0,-32767.0
-32767.0,-32767.0,0.04699850454926491,0.14587847515940666,0.16357921063899994,-0.10193182155489922,-0.08117923513054848,-0.059205908328294754,-0.03662221133708954,-0.014648884534835815,0.005493331700563431,0.022583696991205215,0.03662221133708954,0.046388134360313416,0.05615405738353729,0.06530961021780968,0.07690664380788803,0.09033478796482086,0.10376293212175369,0.11658070608973503,0.12939848005771637,0.1434369944036007,0.15991698950529099,0.17822809517383575,0.19470809027552605,0.2063051238656044,0.21301919594407082,0.21179845556616783,0.198370311409235,0.17029328271746635,0.1342814415693283,0.10254219174385071,0.08606219664216042,0.08301034569740295,0.08484145626425743,0.08545182645320892,0.07568590342998505,0.05859553813934326,0.040894802659749985,0.028077028691768646,0.02075258642435074,0.016479995101690292,0.01037629321217537,0.0048829615116119385,0.0048829615116119385,-0.0012207403779029846,-0.01342814415693283,-0.024414807558059692,-0.03234962001442909,-0.03906369209289551,-0.04272591322660446
-0.04028443247079849,-0.038453321903944016,-0.032959990203380585,-0.025635547935962677,-0.019531846046447754,-0.014648884534835815,-0.009155552834272385,-0.0030518509447574615,0.0048829615116119385,0.014038514345884323,0.02136295661330223,0.0317392498254776,0.04577776417136192,0.06469924002885818,0.07751701399683952,0.06836146116256714,0.03662221133708954,-0.003662221133708954,-0.0476088747382164,-0.09826960042119026,-0.13916440308094025,-0.14038514345884323,-0.13855403289198875,-0.0952177494764328,-32767.0,-32767.0,-32767.0,-32767.0,-32767.0,-32767.0,-32767.0,0.017700735479593277,0.07751701399683952,0.051881466060876846,-0.13245033100247383,0.006103701889514923,0.02929776906967163,0.05310220643877983,0.07629627361893654,0.09704886004328728,0.11291848495602608,0.12390514835715294,0.12817773967981339,0.12573625892400742,0.12024292722344398,0.11535996571183205,0.11413922533392906,0.119022186845541,0.12939848005771637,0.14526810497045517,0.16235847026109695
0.22827845066785812,0.22339548915624619,0.20386364310979843,0.17029328271746635,0.12878810986876488,0.08850367739796638,0.05859553813934326,0.046388134360313416,0.0476088747382164,0.05493331700563431,0.06530961021780968,0.06775109097361565,0.059205908328294754,0.04577776417136192,0.032959990203380585,0.024414807558059692,0.01892147585749626,0.010986663401126862,0.006103701889514923,0.003662221133708954,-0.003662221133708954,-0.012207403779029846,-0.016479995101690292,-0.01892147585749626,-0.021973326802253723,-0.024414807558059692,-0.024414807558059692,-0.0238044373691082,-0.022583696991205215,-0.0238044373691082,-0.025635547935962677,-0.02624591812491417,-0.023194067180156708,-0.016479995101690292,-0.007324442267417908,0.0024414807558059692,0.011597033590078354,0.02075258642435074,0.03234962001442909,0.04699850454926491,0.06164738908410072,0.08484145626425743,0.11474959552288055,0.13916440308094025,0.1513718068599701,0.13245033100247383,0.11047700420022011,0.10986663401126862,0.09582811966538429,0.04211554303765297,-0.038453321903944016
-32767.0,-32767.0,-32767.0,-32767.0,-32767.0,-0.030518509447574615,-0.021973326802253723,-0.014648884534835815,-0.1348918117582798,-0.35462507978081703,0.10559404268860817,0.12573625892400742,0.14404736459255219,0.15991698950529099,0.17212439328432083,0.18005920574069023,0.18372142687439919,0.1818903163075447,0.1751762442290783,0.16479995101690292,0.15198217704892159,0.14038514345884323,0.13245033100247383,0.12878810986876488,0.13000885024666786,0.13733329251408577,0.14954069629311562,0.16052735969424248,0.16968291252851486,0.17334513366222382,0.16846217215061188,0.15381328761577606,0.13061922043561935,0.10193182155489922,0.07324442267417908,0.0476088747382164,0.02868739888072014,0.020142216235399246,0.01892147585749626,0.024414807558059692,0.03662221133708954,0.048829615116119385,0.051881466060876846,0.046388134360313416,0.03723258152604103,0.02929776906967163,0.021973326802253723,0.011597033590078354,0.005493331700563431,0.001831110566854477,-0.003662221133708954
0.003662221133708954,0.0012207403779029846,0.0012207403779029846,0.0024414807558059692,0.0030518509447574615,0.0024414807558059692,0.001831110566854477,0.0012207403779029846,0.003662221133708954,0.009155552834272385,0.017700735479593277,0.028077028691768646,0.04028443247079849,0.056764427572488785,0.07507553324103355,0.08972441777586937,0.10925626382231712,0.12451551854610443,0.119022186845541,0.10254219174385071,0.09155552834272385,0.12268440797924995,0.16113772988319397,0.16052735969424248,0.15991698950529099,0.11963255703449249,0.06958220154047012,-0.0024414807558059692,0.04150517284870148,0.19348734989762306,0.29114658012986183,-32767.0,-32767.0,-32767.0,-32767.0,-0.020142216235399246,-0.11352885514497757,-0.13183996081352234,-0.2056947536766529,-0.31495101749897003,0.08850367739796638,0.09399700909852982,0.09765923023223877,0.09949034079909325,0.10010071098804474,0.10071108117699623,0.10193182155489922,0.1031525619328022,0.10437330231070518,0.1031525619328022,0.10010071098804474
0.05859553813934326,0.06530961021780968,0.07385479286313057,0.08178960531949997,0.0872829370200634,0.08789330720901489,0.08484145626425743,0.07751701399683952,0.06714072078466415,0.05310220643877983,0.03723258152604103,0.021973326802253723,0.011597033590078354,0.005493331700563431,0.003662221133708954,0.011597033590078354,0.02685628831386566,0.03784295171499252,0.04028443247079849,0.03662221133708954,0.031128879636526108,0.021973326802253723,0.009155552834272385,0.0030518509447574615,-0.0012207403779029846,0.001831110566854477,0.014648884534835815,0.02685628831386566,0.03234962001442909,0.0317392498254776,0.027466658502817154,0.022583696991205215,0.020142216235399246,0.020142216235399246,0.02136295661330223,0.023194067180156708,0.024414807558059692,0.024414807558059692,0.025635547935962677,0.02929776906967163,0.03723258152604103,0.04821924492716789,0.06286812946200371,0.07812738418579102,0.09033478796482086,0.09460737928748131,0.09155552834272385,0.07202368229627609,0.04028443247079849,0.023194067180156708,0.040894802659749985
0.26551103219389915,0.28992583975195885,0.26673177257180214,0.28138065710663795,0.29908139258623123,0.3338724933564663,0.4040650650858879,0.4266487620770931,0.3552354499697685,0.4461806081235409,0.3344828635454178,0.07263405248522758,-0.06591998040676117,-0.1269569993019104,-0.13183996081352234,-0.01892147585749626,-0.023194067180156708,-0.02685628831386566,-0.030518509447574615,-0.032959990203380585,-0.032959990203380585,-0.029908139258623123,-0.02624591812491417,-0.021973326802253723,-0.01831110566854477,-0.016479995101690292,-0.017700735479593277,-0.017700735479593277,-0.012817773967981339,-0.0012207403779029846,0.014038514345884323,0.02868739888072014,0.040894802659749985,0.05005035549402237,0.05737479776144028,0.06286812946200371,0.06653035059571266,0.06653035059571266,0.06103701889514923,0.05066072568297386,0.036011841148138046,0.02075258642435074,0.009155552834272385,-0.0006103701889514923,-0.007324442267417908,-0.005493331700563431,0.006714072078466415,0.019531846046447754,0.027466658502817154,0.028077028691768646,0.025025177747011185
0.01342814415693283,0.03357036039233208,0.04516739398241043,0.046388134360313416,0.04150517284870148,0.03418073058128357,0.027466658502817154,0.022583696991205215,0.02075258642435074,0.02075258642435074,0.021973326802253723,0.023194067180156708,0.024414807558059692,0.02685628831386566,0.0317392498254776,0.038453321903944016,0.046388134360313416,0.05371257662773132,0.05737479776144028,0.0555436871945858,0.0476088747382164,0.032959990203380585,0.011597033590078354,-0.007324442267417908,-0.017700735479593277,-0.006714072078466415,0.0317392498254776,0.07446516305208206,0.11169774457812309,0.1422162540256977,0.17273476347327232,0.18127994611859322,0.20081179216504097,0.24353770539164543,0.32044434919953346,0.4919583722949028,0.5908383429050446,0.5829035304486752,0.5102694779634476,0.6671346165239811,0.6152531504631042,0.43153172358870506,0.26612140238285065,0.15259254723787308,0.11780144646763802,-0.09704886004328728,-0.09949034079909325,-0.10376293212175369,-0.10925626382231712,-0.11291848495602608,-0.11291848495602608
-0.08301034569740295,-0.06897183135151863,-0.04943998530507088,-0.02685628831386566,-0.0048829615116119385,0.010986663401126862,0.019531846046447754,0.023194067180156708,0.02624591812491417,0.030518509447574615,0.03784295171499252,0.04516739398241043,0.04943998530507088,0.04699850454926491,0.039674062281847,0.028077028691768646,0.014648884534835815,0.0030518509447574615,-0.007324442267417908,-0.016479995101690292,-0.01892147585749626,-0.012207403779029846,-0.0012207403779029846,0.0079348124563694,0.011597033590078354,0.009155552834272385,-0.0006103701889514923,-0.009765923023223877,-0.009155552834272385,0.0048829615116119385,0.031128879636526108,0.04821924492716789,0.04821924492716789,0.03784295171499252,0.02685628831386566,0.017090365290641785,0.009155552834272385,0.003662221133708954,0.0,-0.0030518509447574615,-0.0048829615116119385,-0.006714072078466415,-0.0079348124563694,-0.008545182645320892,-0.009155552834272385,-0.01037629321217537,-0.010986663401126862,-0.01037629321217537,-0.0079348124563694,-0.006103701889514923,-0.005493331700563431
-0.03784295171499252,-0.03784295171499252,-0.024414807558059692,-0.0158696249127388,-0.014038514345884323,-0.01037629321217537,-0.008545182645320892,0.029908139258623123,0.0872829370200634,0.23255104199051857,0.41627246886491776,-32767.0,-32767.0,-32767.0,0.19592883065342903,0.37598803639411926,0.5127109587192535,0.5066072568297386,0.43336283415555954,0.37537766620516777,-0.12512588873505592,-0.13061922043561935,-0.13733329251408577,-0.14038514345884323,-0.13916440308094025,-0.13367107138037682,-0.12512588873505592,-0.11474959552288055,-0.10376293212175369,-0.09094515815377235,-0.07690664380788803,-0.06042664870619774,-0.043336283415555954,-0.02929776906967163,-0.023194067180156708,-0.025025177747011185,-0.029908139258623123,-0.0317392498254776,-0.02624591812491417,-0.014648884534835815,0.0,0.012207403779029846,0.01892147585749626,0.019531846046447754,0.014038514345884323,0.0048829615116119385,-0.0048829615116119385,-0.014038514345884323,-0.0238044373691082,-0.032959990203380585,-0.03723258152604103
-0.017090365290641785,-0.023194067180156708,-0.02136295661330223,-0.0048829615116119385,0.025635547935962677,0.0476088747382164,0.04516739398241043,0.02685628831386566,0.006103701889514923,-0.009155552834272385,-0.019531846046447754,-0.02685628831386566,-0.032959990203380585,-0.038453321903944016,-0.04272591322660446,-0.046388134360313416,-0.05066072568297386,-0.056764427572488785,-0.06286812946200371,-0.06836146116256714,-0.06958220154047012,-0.0634784996509552,-0.05249183624982834,-0.04150517284870148,-0.03357036039233208,-0.027466658502817154,-0.021973326802253723,-0.015259254723787308,-0.010986663401126862,-0.02136295661330223,-0.04455702379345894,-0.062257759273052216,-0.06469924002885818,-0.0714133121073246,-0.08178960531949997,-0.08423108607530594,-0.06836146116256714,-0.016479995101690292,0.04272591322660446,-32767.0,-32767.0,-32767.0,-32767.0,-32767.0,0.023194067180156708,0.14893032610416412,0.27466658502817154,0.3875850699841976,0.4614398628473282,0.4913480021059513,-0.13183996081352234
-0.1269569993019104,-0.11719107627868652,-0.10498367249965668,-0.09277626872062683,-0.08301034569740295,-0.07568590342998505,-0.0714133121073246,-0.06897183135151863,-0.07202368229627609,-0.07873775437474251,-0.08301034569740295,-0.07995849475264549,-0.06958220154047012,-0.05371257662773132,-0.036011841148138046,-0.02075258642435074,-0.012207403779029846,-0.012207403779029846,-0.0158696249127388,-0.022583696991205215,-0.030518509447574615,-0.03723258152604103,-0.04211554303765297,-0.04821924492716789,-0.054322946816682816,-0.05615405738353729,-0.054322946816682816,-0.05005035549402237,-0.046388134360313416,-0.04516739398241043,-0.04516739398241043,-0.03784295171499252,-0.015259254723787308,0.02075258642435074,0.05066072568297386,0.05249183624982834,0.030518509447574615,0.0006103701889514923,-0.025025177747011185,-0.04211554303765297,-0.054322946816682816,-0.06286812946200371,-0.07019257172942162,-0.07507553324103355,-0.07812738418579102,-0.079348124563694,-0.08117923513054848,-0.08484145626425743,-0.08850367739796638,-0.08850367739796638,-0.08239997550845146
-0.04028443247079849,-0.03479110077023506,-0.027466658502817154,-0.02136295661330223,-0.024414807558059692,-0.036011841148138046,-0.04516739398241043,-0.04699850454926491,-0.059205908328294754,-0.06591998040676117,-0.07263405248522758,-0.07263405248522758,-32767.0,-32767.0,-32767.0,-32767.0,-32767.0,-32767.0,-32767.0,-32767.0,0.010986663401126862,0.0006103701889514923,0.10193182155489922,0.24414807558059692,0.357066560536623,-0.10742515325546265,-0.12024292722344398,-0.12573625892400742,-0.12878810986876488,-0.13122959062457085,-0.13122959062457085,-0.12878810986876488,-0.12146366760134697,-0.11291848495602608,-0.10803552344441414,-0.10742515325546265,-0.10864589363336563,-0.11169774457812309,-0.11352885514497757,-0.11230811476707458,-0.10254219174385071,-0.08850367739796638,-0.07080294191837311,-0.05310220643877983,-0.038453321903944016,-0.0317392498254776,-0.03357036039233208,-0.04455702379345894,-0.054322946816682816,-0.062257759273052216,-0.06775109097361565
-0.07202368229627609,-0.07385479286313057,-0.07568590342998505,-0.07690664380788803,-0.07263405248522758,-0.05737479776144028,-0.027466658502817154,0.015259254723787308,0.05493331700563431,0.06775109097361565,0.051881466060876846,0.02075258642435074,-0.01342814415693283,-0.040894802659749985,-0.06042664870619774,-0.07507553324103355,-0.08667256683111191,-0.09460737928748131,-0.09949034079909325,-0.09949034079909325,-0.09643848985433578,-0.09338663890957832,-0.09094515815377235,-0.08850367739796638,-0.08362071588635445,-0.07690664380788803,-0.06836146116256714,-0.059816278517246246,-0.05249183624982834,-0.046388134360313416,-0.04028443247079849,-0.03418073058128357,-0.029908139258623123,-0.027466658502817154,-0.02624591812491417,-0.02624591812491417,-0.025635547935962677,-0.03357036039233208,-0.05737479776144028,-0.06469924002885818,-0.06653035059571266,-32767.0,-32767.0,-32767.0,-32767.0,-32767.0,-32767.0,-32767.0,-32767.0,-32767.0,-32767.0
-0.06408886983990669,-0.07995849475264549,-0.0952177494764328,-0.10742515325546265,-0.11963255703449249,-0.13061922043561935,-0.13733329251408577,-0.13733329251408577,-0.1342814415693283,-0.13245033100247383,-0.13183996081352234,-0.13245033100247383,-0.13183996081352234,-0.1275673694908619,-0.11841181665658951,-0.10620441287755966,-0.09216589853167534,-0.07568590342998505,-0.06042664870619774,-0.05066072568297386,-0.051271095871925354,-0.059816278517246246,-0.07629627361893654,-0.08911404758691788,-0.09460737928748131,-0.09704886004328728,-0.0952177494764328,-0.09033478796482086,-0.08606219664216042,-0.08362071588635445,-0.08972441777586937,-0.10010071098804474,-0.10559404268860817,-0.09765923023223877,-0.07263405248522758,-0.032959990203380585,0.0158696249127388,0.06164738908410072,0.08178960531949997,0.07202368229627609,0.043946653604507446,0.009765923023223877,-0.023194067180156708,-0.04943998530507088,-0.06836146116256714,-0.08301034569740295,-0.09460737928748131,-0.1031525619328022,-0.10803552344441414,-0.10864589363336563,-0.10559404268860817
-0.07324442267417908,-0.06530961021780968,-0.056764427572488785,-0.04699850454926491,-0.03723258152604103,-0.02685628831386566,-0.017090365290641785,-0.012207403779029846,-0.011597033590078354,-0.011597033590078354,-0.0079348124563694,-0.0079348124563694,-0.024414807558059692,-0.04211554303765297,-0.059816278517246246,-32767.0,-32767.0,-32767.0,-32767.0,-32767.0,-32767.0,-32767.0,-32767.0,-32767.0,-32767.0,-32767.0,-32767.0,-0.04699850454926491,-0.048829615116119385,-0.02624591812491417,-0.03234962001442909,-0.03723258152604103,-0.051881466060876846,-0.06836146116256714,-0.08545182645320892,-0.10193182155489922,-0.11535996571183205,-0.12512588873505592,-0.13000885024666786,-0.13367107138037682,-0.13611255213618279,-0.13733329251408577,-0.13733329251408577,-0.13306070119142532,-0.1269569993019104,-0.12024292722344398,-0.11230811476707458,-0.10376293212175369,-0.09216589853167534,-0.08545182645320892,-0.0872829370200634
-0.11841181665658951,-0.10925626382231712,-0.10193182155489922,-0.10193182155489922,-0.11291848495602608,-0.12817773967981339,-0.13061922043561935,-0.11047700420022011,-0.0714133121073246,-0.019531846046447754,0.03357036039233208,0.07568590342998505,0.09155552834272385,0.079348124563694,0.054322946816682816,0.025025177747011185,-0.004272591322660446,-0.02868739888072014,-0.04455702379345894,-0.054322946816682816,-0.062257759273052216,-0.06836146116256714,-0.07446516305208206,-0.07995849475264549,-0.08606219664216042,-0.08972441777586937,-0.09033478796482086,-0.08667256683111191,-0.079348124563694,-0.06836146116256714,-0.05737479776144028,-0.048829615116119385,-0.043336283415555954,-0.03906369209289551,-0.03357036039233208,-0.025025177747011185,-0.012207403779029846,-0.0012207403779029846,0.0030518509447574615,0.006103701889514923,0.009765923023223877,0.0030518509447574615,-0.01892147585749626,-0.028077028691768646,-0.03784295171499252,-32767.0,-32767.0,-32767.0,-32767.0,-32767.0,-32767.0
-32767.0,-32767.0,-32767.0,-0.035401470959186554,-0.036011841148138046,-0.0238044373691082,-0.009765923023223877,-0.0048829615116119385,-0.011597033590078354,-0.0238044373691082,-0.039674062281847,-0.059816278517246246,-0.08301034569740295,-0.10193182155489922,-0.11597033590078354,-0.12573625892400742,-0.13061922043561935,-0.1348918117582798,-0.13794366270303726,-0.13977477326989174,-0.14038514345884323,-0.14160588383674622,-0.1428266242146492,-0.14038514345884323,-0.13611255213618279,-0.1342814415693283,-0.1348918117582798,-0.13611255213618279,-0.13733329251408577,-0.13245033100247383,-0.12573625892400742,-0.12390514835715294,-0.13061922043561935,-0.14526810497045517,-0.15320291742682457,-0.14099551364779472,-0.10559404268860817,-0.05371257662773132,0.004272591322660446,0.054322946816682816,0.08667256683111191,0.09277626872062683,0.07690664380788803,0.05310220643877983,0.02868739888072014,0.006714072078466415,-0.01037629321217537,-0.017700735479593277,-0.01831110566854477,-0.016479995101690292,-0.014038514345884323
-0.03234962001442909,-0.04272591322660446,-0.046388134360313416,-0.04211554303765297,-0.03234962001442909,-0.0238044373691082,-0.020142216235399246,-0.023194067180156708,-0.029908139258623123,-0.035401470959186554,-0.03357036039233208,-0.019531846046447754,-0.0012207403779029846,0.012207403779029846,0.01892147585749626,0.011597033590078354,-0.009765923023223877,-0.027466658502817154,-0.030518509447574615,-0.029908139258623123,-32767.0,-32767.0,-32767.0,-32767.0,-32767.0,-32767.0,-32767.0,-32767.0,-32767.0,-32767.0,-32767.0,-32767.0,-32767.0,-32767.0,-32767.0,-0.0476088747382164,-0.01831110566854477,0.006103701889514923,0.021973326802253723,0.02685628831386566,0.020142216235399246,0.0006103701889514923,-0.029908139258623123,-0.06103701889514923,-0.08484145626425743,-0.10193182155489922,-0.11291848495602608,-0.12329477816820145,-0.13367107138037682,-0.14160588383674622,-0.14831995591521263
