data/wind_old.json
{"header": {"parameterNumberName":"eastward_wind","parameterUnit":"m.s-1","parameterNumber":2,"parameterCategory":2,"nx":55,"ny":85,"numberPoints":4675,"dx":6.545454545454546,"dy":2.1176470588235294,"la1":35.5,"lo1":-12.0,"la2":40.0,"lo2":-5.0,"refTime":"2017-02-01 23:00:00"}, "data":
[rows 22 to 43 of 85, columns 0 to 50 of 55]
-0.18555253744125366,-0.18005920574069023,-0.16968291252851486,-0.16235847026109695,-0.158696249127388,-0.16235847026109695,-0.17029328271746635,-0.17639698460698128,-0.16907254233956337,-0.14099551364779472,-0.09582811966538429,-0.040894802659749985,0.010986663401126862,0.05066072568297386,0.07202368229627609,0.079348124563694,0.0714133121073246,0.05493331700563431,0.036011841148138046,0.017700735479593277,0.004272591322660446,0.0006103701889514923,0.007324442267417908,0.017700735479593277,0.027466658502817154,0.038453321903944016,0.05310220643877983,0.06469924002885818,0.06653035059571266,0.059816278517246246,0.04943998530507088,0.03662221133708954,0.025635547935962677,0.02075258642435074,0.02136295661330223,0.021973326802253723,0.01831110566854477,0.007324442267417908,-0.009765923023223877,-0.025635547935962677,-0.031128879636526108,-0.021973326802253723,-0.001831110566854477,0.0158696249127388,0.0158696249127388,-0.0048829615116119385,-0.023194067180156708,-0.027466658502817154,-0.029908139258623123,-32767.0,-32767.0
-32767.0,-32767.0,-32767.0,-32767.0,-32767.0,-32767.0,-32767.0,-32767.0,-32767.0,-32767.0,-0.07873775437474251,-0.05310220643877983,-0.024414807558059692,0.0012207403779029846,0.019531846046447754,0.02685628831386566,0.020142216235399246,-0.0024414807558059692,-0.031128879636526108,-0.05493331700563431,-0.07324442267417908,-0.09155552834272385,-0.10681478306651115,-0.12207403779029846,-0.1348918117582798,-0.14404736459255219,-0.15442365780472755,-0.17090365290641785,-0.19287697970867157,-0.21179845556616783,-0.22400585934519768,-0.22644734010100365,-0.22034363821148872,-0.21301919594407082,-0.20813623443245888,-0.20447401329874992,-0.19531846046447754,-0.1751762442290783,-0.14160588383674622,-0.09704886004328728,-0.05005035549402237,-0.010986663401126862,0.017700735479593277,0.036011841148138046,0.051271095871925354,0.06408886983990669,0.0634784996509552,0.05005035549402237,0.03234962001442909,0.019531846046447754,0.017700735479593277
0.09216589853167534,0.10437330231070518,0.10742515325546265,0.10986663401126862,0.11780144646763802,0.12329477816820145,0.119022186845541,0.10864589363336563,0.09704886004328728,0.08545182645320892,0.07263405248522758,0.05615405738353729,0.03479110077023506,0.011597033590078354,-0.009765923023223877,-0.022583696991205215,-0.022583696991205215,-0.012207403779029846,-0.006714072078466415,-0.011597033590078354,-0.0238044373691082,-0.02868739888072014,-0.028077028691768646,-32767.0,-32767.0,-32767.0,-32767.0,-32767.0,-32767.0,-32767.0,-32767.0,-32767.0,-32767.0,-32767.0,-32767.0,-32767.0,-32767.0,-32767.0,-32767.0,-32767.0,-0.08545182645320892,-0.06958220154047012,-0.051271095871925354,-0.032959990203380585,-0.0158696249127388,-0.0030518509447574615,0.0006103701889514923,-0.0079348124563694,-0.0238044373691082,-0.03906369209289551,-0.054322946816682816
-0.1355021819472313,-0.1422162540256977,-0.15625476837158203,-0.1745658740401268,-0.1989806815981865,-0.2227851189672947,-0.23621326312422752,-0.2374340035021305,-0.22888882085680962,-0.2148503065109253,-0.19409772008657455,-0.1666310615837574,-0.13306070119142532,-0.09643848985433578,-0.06469924002885818,-0.04272591322660446,-0.025635547935962677,-0.006714072078466415,0.0079348124563694,0.03418073058128357,0.05005035549402237,0.05249183624982834,0.043946653604507446,0.03723258152604103,0.040894802659749985,0.05493331700563431,0.07080294191837311,0.08178960531949997,0.08545182645320892,0.09033478796482086,0.09033478796482086,0.08301034569740295,0.08117923513054848,0.09704886004328728,0.119022186845541,0.13000885024666786,0.1355021819472313,0.13977477326989174,0.13245033100247383,0.11413922533392906,0.08972441777586937,0.06469924002885818,0.04211554303765297,0.0238044373691082,0.008545182645320892,-0.004272591322660446,-0.009765923023223877,-0.014038514345884323,-0.021973326802253723,-0.02685628831386566,-0.029908139258623123
-32767.0,-32767.0,-32767.0,-32767.0,-32767.0,-32767.0,-32767.0,-32767.0,-32767.0,-32767.0,-32767.0,-32767.0,-32767.0,-32767.0,-32767.0,-0.07629627361893654,-0.06469924002885818,-0.05493331700563431,-0.04821924492716789,-0.04272591322660446,-0.03723258152604103,-0.032959990203380585,-0.032959990203380585,-0.035401470959186554,-0.03784295171499252,-0.046388134360313416,-0.06775109097361565,-0.09033478796482086,-0.10742515325546265,-0.12146366760134697,-0.13000885024666786,-0.13061922043561935,-0.13306070119142532,-0.14160588383674622,-0.15503402799367905,-0.17151402309536934,-0.18555253744125366,-0.18616290763020515,-0.17761772498488426,-0.1593066193163395,-0.1355021819472313,-0.10864589363336563,-0.08362071588635445,-0.06408886983990669,-0.051881466060876846,-0.04455702379345894,-0.036011841148138046,-0.023194067180156708,-0.016479995101690292,0.006714072078466415,0.017700735479593277
0.08972441777586937,0.08911404758691788,0.0872829370200634,0.08484145626425743,0.07629627361893654,0.05737479776144028,0.039674062281847,0.03906369209289551,0.051271095871925354,0.06408886983990669,0.06714072078466415,0.07751701399683952,0.09704886004328728,0.10437330231070518,0.09643848985433578,0.08301034569740295,0.06714072078466415,0.05310220643877983,0.046388134360313416,0.04150517284870148,0.03418073058128357,0.02868739888072014,0.01892147585749626,0.003662221133708954,-0.006714072078466415,-0.017090365290641785,-0.025025177747011185,-0.02624591812491417,-32767.0,-32767.0,-32767.0,-32767.0,-32767.0,-32767.0,-32767.0,-32767.0,-32767.0,-32767.0,-32767.0,-32767.0,-32767.0,-32767.0,-32767.0,-32767.0,-32767.0,-0.07873775437474251,-0.06530961021780968,-0.05371257662773132,-0.04943998530507088,-0.051271095871925354,-0.05615405738353729
-0.054322946816682816,-0.07568590342998505,-0.09643848985433578,-0.10925626382231712,-0.11963255703449249,-0.1263466291129589,-0.12390514835715294,-0.11963255703449249,-0.11963255703449249,-0.119022186845541,-0.11841181665658951,-0.11780144646763802,-0.11169774457812309,-0.10010071098804474,-0.08301034569740295,-0.06408886983990669,-0.046388134360313416,-0.032959990203380585,-0.025635547935962677,-0.02136295661330223,-0.019531846046447754,-0.022583696991205215,-0.024414807558059692,-0.029908139258623123,-0.027466658502817154,-0.011597033590078354,0.031128879636526108,0.05798516795039177,0.09826960042119026,0.10681478306651115,0.08239997550845146,0.059816278517246246,0.05005035549402237,0.04272591322660446,0.028077028691768646,0.008545182645320892,-0.003662221133708954,-0.001831110566854477,0.0079348124563694,0.006103701889514923,-0.006103701889514923,-0.001831110566854477,0.01831110566854477,0.03723258152604103,0.0555436871945858,0.06714072078466415,0.06591998040676117,0.06042664870619774,0.06286812946200371,0.06591998040676117,0.06653035059571266
-0.008545182645320892,-0.0158696249127388,-32767.0,-32767.0,-32767.0,-32767.0,-32767.0,-32767.0,-32767.0,-32767.0,-32767.0,-32767.0,-32767.0,-32767.0,-32767.0,-32767.0,-32767.0,-32767.0,-32767.0,-32767.0,-0.09155552834272385,-0.07812738418579102,-0.0634784996509552,-0.05493331700563431,-0.05493331700563431,-0.06164738908410072,-0.06897183135151863,-0.07080294191837311,-0.06591998040676117,-0.062257759273052216,-0.07019257172942162,-0.08972441777586937,-0.10498367249965668,-0.11169774457812309,-0.11841181665658951,-0.12268440797924995,-0.11963255703449249,-0.11780144646763802,-0.12207403779029846,-0.119022186845541,-0.10498367249965668,-0.08911404758691788,-0.07202368229627609,-0.05310220643877983,-0.03357036039233208,-0.014038514345884323,0.001831110566854477,0.01342814415693283,0.019531846046447754,0.021973326802253723,0.020142216235399246
-0.04516739398241043,-0.02075258642435074,-32767.0,-32767.0,0.0555436871945858,0.0317392498254776,0.009765923023223877,-0.006103701889514923,-0.017700735479593277,-0.024414807558059692,-0.02624591812491417,-0.01892147585749626,-0.006714072078466415,-32767.0,-32767.0,-32767.0,-0.009765923023223877,-0.010986663401126862,-0.009155552834272385,-0.004272591322660446,0.0006103701889514923,0.0030518509447574615,0.010986663401126862,0.022583696991205215,0.02685628831386566,0.0317392498254776,0.03357036039233208,0.032959990203380585,0.03418073058128357,-32767.0,-32767.0,-32767.0,-32767.0,-32767.0,-32767.0,-32767.0,-32767.0,-32767.0,-32767.0,-32767.0,-32767.0,-32767.0,-32767.0,-32767.0,-32767.0,-32767.0,-32767.0,-32767.0,-32767.0,-32767.0,-0.09033478796482086
-0.06469924002885818,-0.0714133121073246,-0.07507553324103355,-0.07507553324103355,-0.07690664380788803,-0.08667256683111191,-0.10254219174385071,-0.1110873743891716,-0.11230811476707458,-0.11597033590078354,-0.11841181665658951,-0.11719107627868652,-0.1275673694908619,-0.14526810497045517,-0.14587847515940666,-0.13000885024666786,-0.11169774457812309,-0.09460737928748131,-0.07507553324103355,-0.05249183624982834,-0.02868739888072014,-0.0048829615116119385,0.015259254723787308,0.029908139258623123,0.038453321903944016,0.03906369209289551,0.031128879636526108,0.011597033590078354,-0.02136295661330223,-0.05798516795039177,-0.08972441777586937,-0.09887997061014175,-0.07568590342998505,-32767.0,-32767.0,-32767.0,-32767.0,-32767.0,-32767.0,-32767.0,-32767.0,-32767.0,-32767.0,-32767.0,-32767.0,-32767.0,-32767.0,-32767.0,-32767.0,-0.022583696991205215,-0.027466658502817154
-0.0012207403779029846,0.014038514345884323,-32767.0,-32767.0,-32767.0,-32767.0,-32767.0,-32767.0,-32767.0,-32767.0,-32767.0,-32767.0,-32767.0,-32767.0,-32767.0,-32767.0,-32767.0,-32767.0,-32767.0,-32767.0,-32767.0,-32767.0,-32767.0,-32767.0,-32767.0,-0.07995849475264549,-0.08301034569740295,-0.08117923513054848,-0.07568590342998505,-0.07385479286313057,-0.07385479286313057,-0.07690664380788803,-0.08178960531949997,-0.0872829370200634,-0.0952177494764328,-0.10559404268860817,-0.11352885514497757,-0.11291848495602608,-0.10925626382231712,-0.1110873743891716,-0.11535996571183205,-0.12329477816820145,-0.1513718068599701,-0.1818903163075447,-0.19226660951972008,-0.19409772008657455,-0.19714957103133202,-0.19470809027552605,-0.18372142687439919,-0.16541032120585442,-0.13916440308094025
-0.0012207403779029846,0.005493331700563431,0.001831110566854477,-0.017090365290641785,-0.0476088747382164,-0.07690664380788803,-0.09826960042119026,-0.09949034079909325,-0.09033478796482086,-32767.0,-32767.0,-32767.0,-32767.0,-32767.0,-32767.0,-32767.0,-32767.0,-32767.0,-32767.0,-32767.0,-32767.0,-32767.0,-32767.0,-32767.0,-32767.0,-32767.0,-32767.0,-32767.0,-32767.0,-32767.0,-32767.0,-32767.0,-32767.0,-32767.0,-32767.0,-32767.0,-32767.0,-32767.0,-32767.0,-32767.0,-32767.0,-32767.0,-32767.0,-32767.0,-32767.0,-32767.0,-32767.0,-32767.0,-32767.0,-32767.0,-32767.0
-0.0714133121073246,-0.08178960531949997,-0.08850367739796638,-0.09033478796482086,-0.09155552834272385,-0.09094515815377235,-0.09155552834272385,-0.09643848985433578,-0.10376293212175369,-0.11169774457812309,-0.11597033590078354,-0.11413922533392906,-0.10559404268860817,-0.10071108117699623,-0.10498367249965668,-0.11352885514497757,-0.13000885024666786,-0.1672414317727089,-0.20386364310979843,-0.22583696991205215,-0.24781029671430588,-0.26734214276075363,-0.27527695521712303,-0.276497695595026,-0.2685628831386566,-0.24781029671430588,-0.21790215745568275,-0.17944883555173874,-0.13672292232513428,-0.09582811966538429,-0.06286812946200371,-0.04028443247079849,-0.027466658502817154,-0.02624591812491417,-0.036011841148138046,-0.05066072568297386,-0.06775109097361565,-0.08117923513054848,-0.08362071588635445,-32767.0,-32767.0,-32767.0,-32767.0,-32767.0,-32767.0,-32767.0,-32767.0,-32767.0,-32767.0,-32767.0,-32767.0
-32767.0,-32767.0,-32767.0,-32767.0,-32767.0,-32767.0,-32767.0,-32767.0,-32767.0,-32767.0,-32767.0,-32767.0,-32767.0,-32767.0,-32767.0,-32767.0,-32767.0,-32767.0,-32767.0,-32767.0,-32767.0,-32767.0,-32767.0,-32767.0,-32767.0,-32767.0,-32767.0,-32767.0,-32767.0,-32767.0,-0.06653035059571266,-0.08362071588635445,-0.09704886004328728,-0.10559404268860817,-0.11291848495602608,-0.11535996571183205,-0.11413922533392906,-0.11413922533392906,-0.11658070608973503,-0.11719107627868652,-0.11352885514497757,-0.10498367249965668,-0.0952177494764328,-0.09277626872062683,-0.09949034079909325,-0.10803552344441414,-0.12329477816820145,-0.1580858789384365,-0.19226660951972008,-0.21607104688882828,-0.24292733520269394
-0.28992583975195885,-0.2710043638944626,-0.23926511406898499,-0.1989806815981865,-0.15320291742682457,-0.11047700420022011,-0.07690664380788803,-0.054322946816682816,-0.04150517284870148,-0.038453321903944016,-0.043946653604507446,-0.06103701889514923,-0.06958220154047012,-0.06836146116256714,-32767.0,-32767.0,-32767.0,-32767.0,-32767.0,-32767.0,-32767.0,-32767.0,-32767.0,-32767.0,-32767.0,-32767.0,-32767.0,-32767.0,-32767.0,-32767.0,-32767.0,-32767.0,-32767.0,-32767.0,-32767.0,-32767.0,-32767.0,-32767.0,-32767.0,-32767.0,-32767.0,-32767.0,-32767.0,-32767.0,-32767.0,-32767.0,-32767.0,-32767.0,-32767.0,-32767.0,-32767.0
-32767.0,-32767.0,-32767.0,-32767.0,-32767.0,-0.06653035059571266,-0.08667256683111191,-0.10437330231070518,-0.119022186845541,-0.13245033100247383,-0.13794366270303726,-0.1348918117582798,-0.12939848005771637,-0.12451551854610443,-0.11780144646763802,-0.10986663401126862,-0.10071108117699623,-0.09460737928748131,-0.09460737928748131,-0.09826960042119026,-0.09949034079909325,-0.10742515325546265,-0.13061922043561935,-0.15381328761577606,-0.16785180196166039,-0.18677327781915665,-0.20752586424350739,-0.22461622953414917,-0.24231696501374245,-0.25818658992648125,-0.2679525129497051,-0.2685628831386566,-0.2557451091706753,-0.2301095612347126,-0.19287697970867157,-0.14831995591521263,-0.10803552344441414,-0.07629627361893654,-0.054322946816682816,-0.04211554303765297,-0.038453321903944016,-0.04150517284870148,-0.04516739398241043,-0.046388134360313416,-32767.0,-32767.0,-32767.0,-32767.0,-32767.0,-32767.0,-32767.0
-32767.0,-32767.0,-32767.0,-32767.0,-32767.0,-32767.0,-32767.0,-32767.0,-32767.0,-32767.0,-32767.0,-32767.0,-32767.0,-32767.0,-32767.0,-32767.0,-32767.0,-32767.0,-32767.0,-32767.0,-32767.0,-32767.0,-32767.0,-32767.0,-32767.0,-32767.0,-32767.0,-32767.0,-32767.0,-32767.0,-32767.0,-32767.0,-32767.0,-32767.0,-32767.0,-0.06897183135151863,-0.08911404758691788,-0.10986663401126862,-0.12939848005771637,-0.1501510664820671,-0.16052735969424248,-0.15747550874948502,-0.1501510664820671,-0.13977477326989174,-0.12817773967981339,-0.11719107627868652,-0.10925626382231712,-0.10559404268860817,-0.10437330231070518,-0.10193182155489922,-0.09826960042119026
-0.10620441287755966,-0.11535996571183205,-0.1275673694908619,-0.1434369944036007,-0.16418958082795143,-0.18738364800810814,-0.20752586424350739,-0.21912289783358574,-0.21729178726673126,-0.19959105178713799,-0.16541032120585442,-0.12573625892400742,-0.09033478796482086,-0.0634784996509552,-0.0476088747382164,-0.038453321903944016,-0.02929776906967163,-0.024414807558059692,-0.028077028691768646,-32767.0,-32767.0,-32767.0,-32767.0,-32767.0,-32767.0,-32767.0,-32767.0,-32767.0,-32767.0,-32767.0,-32767.0,-32767.0,-32767.0,-32767.0,-32767.0,-32767.0,-32767.0,-32767.0,-32767.0,-32767.0,-32767.0,-32767.0,-32767.0,-32767.0,-32767.0,-32767.0,-32767.0,-32767.0,-32767.0,-32767.0,-32767.0
-32767.0,-32767.0,-32767.0,-32767.0,-32767.0,-32767.0,-32767.0,-32767.0,-32767.0,-32767.0,-0.07263405248522758,-0.08850367739796638,-0.10864589363336563,-0.13000885024666786,-0.15442365780472755,-0.17090365290641785,-0.17273476347327232,-0.1672414317727089,-0.15564439818263054,-0.14038514345884323,-0.1269569993019104,-0.11780144646763802,-0.11291848495602608,-0.10986663401126862,-0.10803552344441414,-0.10803552344441414,-0.10986663401126862,-0.10681478306651115,-0.09338663890957832,-0.07080294191837311,-0.05066072568297386,-0.04150517284870148,-0.04150517284870148,-0.05066072568297386,-0.06775109097361565,-0.09338663890957832,-0.12268440797924995,-0.1501510664820671,-0.17090365290641785,-0.17822809517383575,-0.16296884045004845,-0.13306070119142532,-0.10071108117699623,-0.07202368229627609,-0.054322946816682816,-0.043336283415555954,-0.030518509447574615,-0.021973326802253723,-0.024414807558059692,-32767.0,-32767.0
-32767.0,-32767.0,-32767.0,-32767.0,-32767.0,-32767.0,-32767.0,-32767.0,-32767.0,-32767.0,-32767.0,-32767.0,-32767.0,-32767.0,-32767.0,-32767.0,-32767.0,-32767.0,-32767.0,-32767.0,-32767.0,-32767.0,-32767.0,-32767.0,-32767.0,-32767.0,-32767.0,-32767.0,-32767.0,-32767.0,-32767.0,-32767.0,-32767.0,-32767.0,-32767.0,-32767.0,-32767.0,-32767.0,-32767.0,-32767.0,-0.07568590342998505,-0.08545182645320892,-0.09949034079909325,-0.11413922533392906,-0.1355021819472313,-0.15259254723787308,-0.158696249127388,-0.15625476837158203,-0.14587847515940666,-0.13122959062457085,-0.11719107627868652
-0.09277626872062683,-0.09765923023223877,-0.0952177494764328,-0.07995849475264549,-0.05615405738353729,-0.030518509447574615,-0.01037629321217537,0.0,0.001831110566854477,-0.005493331700563431,-0.023194067180156708,-0.04943998530507088,-0.079348124563694,-0.10986663401126862,-0.13672292232513428,-0.14465773478150368,-0.13245033100247383,-0.10986663401126862,-0.08423108607530594,-0.06530961021780968,-0.05249183624982834,-0.039674062281847,-0.02929776906967163,-0.02929776906967163,-32767.0,-32767.0,-32767.0,-32767.0,-32767.0,-32767.0,-32767.0,-32767.0,-32767.0,-32767.0,-32767.0,-32767.0,-32767.0,-32767.0,-32767.0,-32767.0,-32767.0,-32767.0,-32767.0,-32767.0,-32767.0,-32767.0,-32767.0,-32767.0,-32767.0,-32767.0,-32767.0
-32767.0,-32767.0,-32767.0,-32767.0,-32767.0,-32767.0,-32767.0,-32767.0,-32767.0,-32767.0,-32767.0,-32767.0,-32767.0,-32767.0,-32767.0,-0.08178960531949997,-0.08667256683111191,-0.09216589853167534,-0.09460737928748131,-0.1031525619328022,-0.11413922533392906,-0.11963255703449249,-0.11963255703449249,-0.11352885514497757,-0.10193182155489922,-0.08850367739796638,-0.07507553324103355,-0.06103701889514923,-0.04821924492716789,-0.03784295171499252,-0.03234962001442909,-0.02929776906967163,-0.024414807558059692,-0.014648884534835815,0.0006103701889514923,0.01831110566854477,0.032959990203380585,0.04211554303765297,0.04577776417136192,0.043336283415555954,0.03479110077023506,0.017090365290641785,-0.005493331700563431,-0.03479110077023506,-0.07507553324103355,-0.10620441287755966,-0.11780144646763802,-0.11291848495602608,-0.0952177494764328,-0.07751701399683952,-0.06408886983990669
