data/wind_old.json
{"header": {"parameterNumberName":"northward_wind","parameterUnit":"m.s-1","parameterNumber":3,"parameterCategory":2,"nx":55,"ny":85,"numberPoints":4675,"dx":6.545454545454546,"dy":2.1176470588235294,"la1":35.5,"lo1":-12.0,"la2":40.0,"lo2":-5.0,"refTime":"2017-02-01 23:00:00"}, "data":
[rows 23 to 45 of 85, columns 0 to 49 of 55]
-32767.0,-32767.0,-32767.0,-32767.0,-32767.0,-32767.0,-32767.0,-32767.0,-32767.0,-32767.0,-0.07873775437474251,-0.05859553813934326,-0.03906369209289551,-0.027466658502817154,-0.025025177747011185,-0.02624591812491417,-0.023194067180156708,-0.01831110566854477,-0.02136295661330223,-0.032959990203380585,-0.038453321903944016,-0.036011841148138046,-0.04577776417136192,-0.06714072078466415,-0.08239997550845146,-0.08484145626425743,-0.08362071588635445,-0.08667256683111191,-0.09704886004328728,-0.10254219174385071,-0.08545182645320892,-0.046388134360313416,-0.005493331700563431,0.022583696991205215,0.03906369209289551,0.04821924492716789,0.04943998530507088,0.04150517284870148,0.023194067180156708,-0.003662221133708954,-0.03662221133708954,-0.07019257172942162,-0.09765923023223877,-0.11352885514497757,-0.12085329741239548,-0.1031525619328022,-0.062257759273052216,-0.019531846046447754,0.005493331700563431,0.014038514345884323
-0.019531846046447754,-0.012207403779029846,0.0024414807558059692,0.012207403779029846,0.012817773967981339,0.017700735479593277,0.022583696991205215,0.014038514345884323,-0.0079348124563694,-0.03418073058128357,-0.04821924492716789,-0.043336283415555954,-0.029908139258623123,-0.02685628831386566,-0.03906369209289551,-0.06103701889514923,-0.08178960531949997,-0.08545182645320892,-0.07019257172942162,-0.05310220643877983,-0.03234962001442909,-0.02624591812491417,-0.011597033590078354,-32767.0,-32767.0,-32767.0,-32767.0,-32767.0,-32767.0,-32767.0,-32767.0,-32767.0,-32767.0,-32767.0,-32767.0,-32767.0,-32767.0,-32767.0,-32767.0,-32767.0,-0.10132145136594772,-0.08911404758691788,-0.07446516305208206,-0.06164738908410072,-0.051271095871925354,-0.03906369209289551,-0.020142216235399246,0.0012207403779029846,0.009155552834272385,-0.0030518509447574615
-0.07507553324103355,-0.07080294191837311,-0.056764427572488785,-0.05005035549402237,-0.05859553813934326,-0.059816278517246246,-0.043336283415555954,-0.017090365290641785,0.009155552834272385,0.025635547935962677,0.0317392498254776,0.02685628831386566,0.009765923023223877,-0.017090365290641785,-0.048829615116119385,-0.08239997550845146,-0.11352885514497757,-0.1342814415693283,-0.14099551364779472,-0.14770958572626114,-0.11841181665658951,-0.05493331700563431,-0.0024414807558059692,0.017700735479593277,0.012817773967981339,-0.0012207403779029846,-0.012817773967981339,-0.021973326802253723,-0.02685628831386566,-0.03357036039233208,-0.03723258152604103,-0.024414807558059692,-0.0024414807558059692,0.007324442267417908,0.0048829615116119385,0.010986663401126862,0.02075258642435074,0.017700735479593277,0.0024414807558059692,-0.01892147585749626,-0.03479110077023506,-0.0317392498254776,-0.014648884534835815,-0.0048829615116119385,-0.015259254723787308,-0.040894802659749985,-0.07080294191837311,-0.0872829370200634,-0.08117923513054848,-0.06408886983990669
-32767.0,-32767.0,-32767.0,-32767.0,-32767.0,-32767.0,-32767.0,-32767.0,-32767.0,-32767.0,-32767.0,-32767.0,-32767.0,-32767.0,-32767.0,-0.11169774457812309,-0.09949034079909325,-0.08606219664216042,-0.07446516305208206,-0.06469924002885818,-0.051271095871925354,-0.028077028691768646,0.0,0.0158696249127388,0.009765923023223877,0.0006103701889514923,0.006103701889514923,0.01037629321217537,-0.012207403779029846,-0.04516739398241043,-0.06775109097361565,-0.07202368229627609,-0.051881466060876846,-0.022583696991205215,-0.0158696249127388,-0.025635547935962677,-0.023194067180156708,-0.012817773967981339,0.0,0.008545182645320892,0.008545182645320892,-0.0012207403779029846,-0.020142216235399246,-0.046388134360313416,-0.07385479286313057,-0.10193182155489922,-0.13061922043561935,-0.15686513856053352,-0.16479995101690292,-0.1672414317727089
-0.017700735479593277,-0.019531846046447754,-0.014648884534835815,-0.017700735479593277,-0.025025177747011185,-0.025635547935962677,-0.009765923023223877,0.003662221133708954,-0.0006103701889514923,-0.011597033590078354,-0.001831110566854477,0.009765923023223877,0.01831110566854477,0.017700735479593277,0.0030518509447574615,-0.015259254723787308,-0.01892147585749626,-0.005493331700563431,0.0048829615116119385,-0.0012207403779029846,-0.023194067180156708,-0.05493331700563431,-0.07995849475264549,-0.08239997550845146,-0.06408886983990669,-0.0476088747382164,-0.0317392498254776,-0.027466658502817154,-32767.0,-32767.0,-32767.0,-32767.0,-32767.0,-32767.0,-32767.0,-32767.0,-32767.0,-32767.0,-32767.0,-32767.0,-32767.0,-32767.0,-32767.0,-32767.0,-32767.0,-0.1263466291129589,-0.11047700420022011,-0.09033478796482086,-0.07202368229627609,-0.06042664870619774
0.010986663401126862,0.024414807558059692,0.03234962001442909,0.009765923023223877,-0.02929776906967163,-0.06164738908410072,-0.07751701399683952,-0.06408886983990669,-0.024414807558059692,0.004272591322660446,0.003662221133708954,-0.005493331700563431,-0.006714072078466415,-0.006103701889514923,-0.007324442267417908,-0.012817773967981339,-0.025025177747011185,-0.04150517284870148,-0.06164738908410072,-0.08362071588635445,-0.10803552344441414,-0.13855403289198875,-0.17273476347327232,-0.1904354989528656,-0.17883846536278725,-0.15747550874948502,-0.11169774457812309,-0.0872829370200634,0.003662221133708954,-0.007324442267417908,-0.0238044373691082,-0.025025177747011185,-0.012207403779029846,-0.0048829615116119385,-0.007324442267417908,-0.007324442267417908,-0.001831110566854477,0.001831110566854477,0.001831110566854477,-0.0030518509447574615,-0.0030518509447574615,0.0,0.0079348124563694,0.009155552834272385,0.014038514345884323,0.007324442267417908,0.003662221133708954,0.007324442267417908,0.009155552834272385,0.003662221133708954
-0.06103701889514923,-0.043946653604507446,-32767.0,-32767.0,-32767.0,-32767.0,-32767.0,-32767.0,-32767.0,-32767.0,-32767.0,-32767.0,-32767.0,-32767.0,-32767.0,-32767.0,-32767.0,-32767.0,-32767.0,-32767.0,-0.14404736459255219,-0.13000885024666786,-0.10498367249965668,-0.07446516305208206,-0.051271095871925354,-0.03784295171499252,-0.025635547935962677,-0.01037629321217537,0.0024414807558059692,0.009765923023223877,0.022583696991205215,0.04516739398241043,0.054322946816682816,0.02929776906967163,-0.014648884534835815,-0.05493331700563431,-0.08178960531949997,-0.07629627361893654,-0.03784295171499252,-0.003662221133708954,0.0,-0.010986663401126862,-0.017700735479593277,-0.02075258642435074,-0.0238044373691082,-0.02868739888072014,-0.03662221133708954,-0.046388134360313416,-0.059816278517246246,-0.07751701399683952
-0.16235847026109695,-0.158696249127388,-32767.0,-32767.0,-0.05859553813934326,-0.01831110566854477,-0.01892147585749626,-0.01342814415693283,-0.007324442267417908,-0.006103701889514923,-0.0048829615116119385,-0.001831110566854477,0.0006103701889514923,-32767.0,-32767.0,-32767.0,0.003662221133708954,0.007324442267417908,0.0024414807558059692,-0.010986663401126862,-0.004272591322660446,0.006103701889514923,0.0158696249127388,0.01831110566854477,0.01342814415693283,-0.0012207403779029846,-0.022583696991205215,-0.039674062281847,-0.051271095871925354,-32767.0,-32767.0,-32767.0,-32767.0,-32767.0,-32767.0,-32767.0,-32767.0,-32767.0,-32767.0,-32767.0,-32767.0,-32767.0,-32767.0,-32767.0,-32767.0,-32767.0,-32767.0,-32767.0,-32767.0,-32767.0
-0.02624591812491417,-0.016479995101690292,-0.009765923023223877,-0.0012207403779029846,0.012207403779029846,0.03479110077023506,0.062257759273052216,0.06897183135151863,0.04150517284870148,-0.003662221133708954,-0.04821924492716789,-0.07812738418579102,-0.07202368229627609,-0.03784295171499252,-0.014038514345884323,-0.01831110566854477,-0.031128879636526108,-0.040894802659749985,-0.04699850454926491,-0.051271095871925354,-0.05371257662773132,-0.05493331700563431,-0.0555436871945858,-0.059205908328294754,-0.06836146116256714,-0.08362071588635445,-0.09949034079909325,-0.11597033590078354,-0.13611255213618279,-0.15259254723787308,-0.1580858789384365,-0.15259254723787308,-0.13000885024666786,-32767.0,-32767.0,-32767.0,-32767.0,-32767.0,-32767.0,-32767.0,-32767.0,-32767.0,-32767.0,-32767.0,-32767.0,-32767.0,-32767.0,-32767.0,-32767.0,-0.0079348124563694
-0.0024414807558059692,-0.01342814415693283,-32767.0,-32767.0,-32767.0,-32767.0,-32767.0,-32767.0,-32767.0,-32767.0,-32767.0,-32767.0,-32767.0,-32767.0,-32767.0,-32767.0,-32767.0,-32767.0,-32767.0,-32767.0,-32767.0,-32767.0,-32767.0,-32767.0,-32767.0,-0.14587847515940666,-0.13855403289198875,-0.12268440797924995,-0.09399700909852982,-0.05493331700563431,-0.022583696991205215,-0.008545182645320892,-0.0024414807558059692,0.0048829615116119385,0.020142216235399246,0.04577776417136192,0.06958220154047012,0.07202368229627609,0.04577776417136192,0.003662221133708954,-0.03906369209289551,-0.06469924002885818,-0.051881466060876846,-0.020142216235399246,-0.010986663401126862,-0.02685628831386566,-0.04821924492716789,-0.06591998040676117,-0.07812738418579102,-0.08850367739796638
-0.08789330720901489,-0.09399700909852982,-0.09643848985433578,-0.09460737928748131,-0.09887997061014175,-0.12390514835715294,-0.16357921063899994,-0.20020142197608948,-0.15198217704892159,-32767.0,-32767.0,-32767.0,-32767.0,-32767.0,-32767.0,-32767.0,-32767.0,-32767.0,-32767.0,-32767.0,-32767.0,-32767.0,-32767.0,-32767.0,-32767.0,-32767.0,-32767.0,-32767.0,-32767.0,-32767.0,-32767.0,-32767.0,-32767.0,-32767.0,-32767.0,-32767.0,-32767.0,-32767.0,-32767.0,-32767.0,-32767.0,-32767.0,-32767.0,-32767.0,-32767.0,-32767.0,-32767.0,-32767.0,-32767.0,-32767.0
-0.14038514345884323,-0.12878810986876488,-0.11291848495602608,-0.09155552834272385,-0.05737479776144028,-0.024414807558059692,-0.005493331700563431,0.0048829615116119385,0.014648884534835815,0.029908139258623123,0.05066072568297386,0.06836146116256714,0.06897183135151863,0.04699850454926491,0.012817773967981339,-0.025635547935962677,-0.04455702379345894,-0.02075258642435074,0.01342814415693283,0.009155552834272385,-0.017090365290641785,-0.043336283415555954,-0.06958220154047012,-0.09338663890957832,-0.11719107627868652,-0.13733329251408577,-0.14954069629311562,-0.1501510664820671,-0.14160588383674622,-0.12817773967981339,-0.11474959552288055,-0.10498367249965668,-0.0952177494764328,-0.07812738418579102,-0.0634784996509552,-0.07690664380788803,-0.12329477816820145,-0.16052735969424248,-0.1580858789384365,-32767.0,-32767.0,-32767.0,-32767.0,-32767.0,-32767.0,-32767.0,-32767.0,-32767.0,-32767.0,-32767.0
-32767.0,-32767.0,-32767.0,-32767.0,-32767.0,-32767.0,-32767.0,-32767.0,-32767.0,-32767.0,-32767.0,-32767.0,-32767.0,-32767.0,-32767.0,-32767.0,-32767.0,-32767.0,-32767.0,-32767.0,-32767.0,-32767.0,-32767.0,-32767.0,-32767.0,-32767.0,-32767.0,-32767.0,-32767.0,-32767.0,-0.12939848005771637,-0.11291848495602608,-0.0952177494764328,-0.079348124563694,-0.054322946816682816,-0.02685628831386566,-0.006714072078466415,0.009155552834272385,0.023194067180156708,0.03723258152604103,0.051271095871925354,0.062257759273052216,0.06286812946200371,0.05005035549402237,0.025635547935962677,-0.0048829615116119385,-0.014648884534835815,0.017700735479593277,0.05493331700563431,0.04699850454926491
-0.16052735969424248,-0.1898251287639141,-0.20386364310979843,-0.20325327292084694,-0.1898251287639141,-0.16541032120585442,-0.1355021819472313,-0.10925626382231712,-0.08239997550845146,-0.056764427572488785,-0.051881466060876846,-0.0872829370200634,-0.1422162540256977,-0.20142216235399246,-32767.0,-32767.0,-32767.0,-32767.0,-32767.0,-32767.0,-32767.0,-32767.0,-32767.0,-32767.0,-32767.0,-32767.0,-32767.0,-32767.0,-32767.0,-32767.0,-32767.0,-32767.0,-32767.0,-32767.0,-32767.0,-32767.0,-32767.0,-32767.0,-32767.0,-32767.0,-32767.0,-32767.0,-32767.0,-32767.0,-32767.0,-32767.0,-32767.0,-32767.0,-32767.0,-32767.0
-32767.0,-32767.0,-32767.0,-32767.0,-32767.0,-0.11169774457812309,-0.08972441777586937,-0.06653035059571266,-0.0555436871945858,-0.04211554303765297,-0.02624591812491417,-0.010986663401126862,0.006714072078466415,0.0238044373691082,0.036011841148138046,0.04577776417136192,0.05371257662773132,0.056764427572488785,0.051271095871925354,0.03479110077023506,0.012817773967981339,0.009155552834272385,0.04455702379345894,0.08545182645320892,0.08056886494159698,0.0476088747382164,0.014038514345884323,-0.025025177747011185,-0.06775109097361565,-0.1110873743891716,-0.158696249127388,-0.20325327292084694,-0.23316141217947006,-0.2453688159584999,-0.24109622463583946,-0.22095400840044022,-0.17883846536278725,-0.1355021819472313,-0.09765923023223877,-0.06469924002885818,-0.046388134360313416,-0.06653035059571266,-0.11719107627868652,-0.18921475857496262,-32767.0,-32767.0,-32767.0,-32767.0,-32767.0,-32767.0
-32767.0,-32767.0,-32767.0,-32767.0,-32767.0,-32767.0,-32767.0,-32767.0,-32767.0,-32767.0,-32767.0,-32767.0,-32767.0,-32767.0,-32767.0,-32767.0,-32767.0,-32767.0,-32767.0,-32767.0,-32767.0,-32767.0,-32767.0,-32767.0,-32767.0,-32767.0,-32767.0,-32767.0,-32767.0,-32767.0,-32767.0,-32767.0,-32767.0,-32767.0,-32767.0,-0.09460737928748131,-0.06530961021780968,-0.032959990203380585,-0.023194067180156708,-0.021973326802253723,-0.02075258642435074,-0.017700735479593277,-0.0048829615116119385,0.011597033590078354,0.0238044373691082,0.03418073058128357,0.04516739398241043,0.05249183624982834,0.05066072568297386,0.03784295171499252
0.06164738908410072,0.02929776906967163,-0.0048829615116119385,-0.04455702379345894,-0.08850367739796638,-0.14038514345884323,-0.19531846046447754,-0.24048585444688797,-0.26429029181599617,-0.2697836235165596,-0.2618488110601902,-0.22400585934519768,-0.16968291252851486,-0.12085329741239548,-0.08117923513054848,-0.05737479776144028,-0.07202368229627609,-0.10803552344441414,-0.15442365780472755,-32767.0,-32767.0,-32767.0,-32767.0,-32767.0,-32767.0,-32767.0,-32767.0,-32767.0,-32767.0,-32767.0,-32767.0,-32767.0,-32767.0,-32767.0,-32767.0,-32767.0,-32767.0,-32767.0,-32767.0,-32767.0,-32767.0,-32767.0,-32767.0,-32767.0,-32767.0,-32767.0,-32767.0,-32767.0,-32767.0,-32767.0
-32767.0,-32767.0,-32767.0,-32767.0,-32767.0,-32767.0,-32767.0,-32767.0,-32767.0,-32767.0,-0.08423108607530594,-0.04821924492716789,-0.0030518509447574615,0.008545182645320892,0.001831110566854477,-0.009765923023223877,-0.020142216235399246,-0.01831110566854477,-0.007324442267417908,0.004272591322660446,0.01831110566854477,0.035401470959186554,0.048829615116119385,0.05005035549402237,0.03723258152604103,0.020142216235399246,0.015259254723787308,0.03784295171499252,0.07019257172942162,0.08117923513054848,0.06286812946200371,0.036011841148138046,0.0079348124563694,-0.021973326802253723,-0.05737479776144028,-0.10376293212175369,-0.16235847026109695,-0.2227851189672947,-0.26551103219389915,-0.2838221378624439,-0.28870509937405586,-0.26734214276075363,-0.21179845556616783,-0.15259254723787308,-0.1031525619328022,-0.07202368229627609,-0.08239997550845146,-0.11169774457812309,-0.14038514345884323,-32767.0
-32767.0,-32767.0,-32767.0,-32767.0,-32767.0,-32767.0,-32767.0,-32767.0,-32767.0,-32767.0,-32767.0,-32767.0,-32767.0,-32767.0,-32767.0,-32767.0,-32767.0,-32767.0,-32767.0,-32767.0,-32767.0,-32767.0,-32767.0,-32767.0,-32767.0,-32767.0,-32767.0,-32767.0,-32767.0,-32767.0,-32767.0,-32767.0,-32767.0,-32767.0,-32767.0,-32767.0,-32767.0,-32767.0,-32767.0,-32767.0,-0.08056886494159698,-0.03662221133708954,0.0238044373691082,0.043946653604507446,0.032959990203380585,0.009765923023223877,-0.014038514345884323,-0.027466658502817154,-0.02624591812491417,-0.017090365290641785
0.0238044373691082,0.012207403779029846,0.011597033590078354,0.02136295661330223,0.030518509447574615,0.02868739888072014,0.01892147585749626,0.006103701889514923,-0.009765923023223877,-0.03357036039233208,-0.06714072078466415,-0.11535996571183205,-0.17944883555173874,-0.238044373691082,-0.27222510427236557,-0.29114658012986183,-0.28931546956300735,-0.24842066690325737,-0.18677327781915665,-0.12817773967981339,-0.08850367739796638,-0.09216589853167534,-0.12146366760134697,-0.1422162540256977,-32767.0,-32767.0,-32767.0,-32767.0,-32767.0,-32767.0,-32767.0,-32767.0,-32767.0,-32767.0,-32767.0,-32767.0,-32767.0,-32767.0,-32767.0,-32767.0,-32767.0,-32767.0,-32767.0,-32767.0,-32767.0,-32767.0,-32767.0,-32767.0,-32767.0,-32767.0
-32767.0,-32767.0,-32767.0,-32767.0,-32767.0,-32767.0,-32767.0,-32767.0,-32767.0,-32767.0,-32767.0,-32767.0,-32767.0,-32767.0,-32767.0,-0.08117923513054848,-0.03418073058128357,0.03479110077023506,0.06836146116256714,0.059205908328294754,0.0317392498254776,-0.0006103701889514923,-0.025635547935962677,-0.03662221133708954,-0.032959990203380585,-0.016479995101690292,0.008545182645320892,0.031128879636526108,0.04516739398241043,0.0476088747382164,0.039674062281847,0.02868739888072014,0.01892147585749626,0.011597033590078354,0.005493331700563431,-0.0006103701889514923,-0.0079348124563694,-0.01342814415693283,-0.01831110566854477,-0.028077028691768646,-0.048829615116119385,-0.08362071588635445,-0.13794366270303726,-0.198370311409235,-0.24353770539164543,-0.27283547446131706,-0.2868739888072014,-0.26612140238285065,-0.21301919594407082,-0.1507614366710186
-32767.0,-32767.0,-32767.0,-32767.0,-32767.0,-32767.0,-32767.0,-32767.0,-32767.0,-32767.0,-32767.0,-32767.0,-32767.0,-32767.0,-32767.0,-32767.0,-32767.0,-32767.0,-32767.0,-32767.0,-32767.0,-32767.0,-32767.0,-32767.0,-32767.0,-32767.0,-32767.0,-32767.0,-32767.0,-32767.0,-32767.0,-32767.0,-32767.0,-32767.0,-32767.0,-32767.0,-32767.0,-32767.0,-32767.0,-32767.0,-32767.0,-32767.0,-32767.0,-32767.0,-32767.0,-0.07995849475264549,-0.03906369209289551,0.02136295661330223,0.06286812946200371,0.06286812946200371
-0.027466658502817154,-0.005493331700563431,0.016479995101690292,0.0317392498254776,0.038453321903944016,0.038453321903944016,0.032959990203380585,0.02624591812491417,0.01831110566854477,0.010986663401126862,0.006103701889514923,0.0024414807558059692,-0.001831110566854477,-0.0079348124563694,-0.01892147585749626,-0.03723258152604103,-0.0634784996509552,-0.10559404268860817,-0.15686513856053352,-0.20386364310979843,-0.238044373691082,-0.2636799216270447,-0.26612140238285065,-0.23255104199051857,-0.17334513366222382,-0.12451551854610443,-0.119022186845541,-0.13672292232513428,-0.1501510664820671,-32767.0,-32767.0,-32767.0,-32767.0,-32767.0,-32767.0,-32767.0,-32767.0,-32767.0,-32767.0,-32767.0,-32767.0,-32767.0,-32767.0,-32767.0,-32767.0,-32767.0,-32767.0,-32767.0,-32767.0,-32767.0
